official_parcel_id,pin14,snapshot_year,actual_label,experimental_probability,probability_rank,probability_percentile,parcel_area_acres,total_value,value_per_acre,zoning_code,zoning_category,historical_zoning_code,historical_zoning_general_category,historical_zoning_jurisdiction,zoning_source_year,zoning_source_age_years,zoning_temporal_status,zoning_changed_prior_1yr,zoning_changed_prior_3yr,zoning_changed_prior_5yr,zoning_change_count_prior_5yr,years_since_last_zoning_change,latest_zoning_change_year,latest_zoning_change_type,latest_zoning_intensity_change,zoning_intensity_increased_prior_5yr,rezoned_to_growth_supportive_prior_5yr,permits_prior_1yr,permits_prior_3yr,permits_prior_5yr,major_permits_prior_3yr,new_construction_permits_prior_3yr,years_since_last_permit,years_since_last_new_construction,flood_review_required,floodway_present,sfha_present,flood_constraint_score,elementary_school_name,middle_school_name,high_school_name,school_capacity_status,school_constraint_class,production_ready,caveat
CFS-PARCEL-0149742139,46928281080000,2022,False,0.9598061588720327,1,1.0,0.0876975807945259,830.0,9464.343172073097,R8,residential,RV,residential,Kannapolis,2015.0,7.0,prior_available_year,False,False,False,0,16.0,2006.0,code_and_category_changed,review_required,False,False,0,0,0,0,0,,,False,False,False,10.0,Charles E Boger ES,Northwest Cabarrus MS,Northwest Cabarrus HS,not_available,not_scored,False,internal_experiment_not_for_public_decision
CFS-PARCEL-0149742309,46929261680000,2022,False,0.9598061588720327,2,0.9999909104956507,4.639922777290664,44060.0,9495.847692906527,R8,residential,RV,residential,Kannapolis,2015.0,7.0,prior_available_year,False,False,False,0,16.0,2006.0,code_and_category_changed,review_required,False,False,0,0,0,0,0,,,False,False,False,10.0,Charles E Boger ES,Northwest Cabarrus MS,Northwest Cabarrus HS,not_available,not_scored,False,internal_experiment_not_for_public_decision
CFS-PARCEL-0149742383,46929176720000,2022,False,0.9598061588720327,3,0.9999818209913014,0.3677285295775612,3490.0,9490.696857296438,R8,residential,RV,residential,Kannapolis,2015.0,7.0,prior_available_year,False,False,False,0,16.0,2006.0,code_and_category_changed,review_required,False,False,0,0,0,0,0,,,False,False,False,10.0,Charles E Boger ES,Northwest Cabarrus MS,Northwest Cabarrus HS,not_available,not_scored,False,internal_experiment_not_for_public_decision
CFS-PARCEL-0149742395,46929220260000,2022,False,0.9598061588720327,4,0.999972731486952,0.1892718663149544,1800.0,9510.129714707535,R8,residential,RV,residential,Kannapolis,2015.0,7.0,prior_available_year,False,False,False,0,16.0,2006.0,code_and_category_changed,review_required,False,False,0,0,0,0,0,,,False,False,False,10.0,Charles E Boger ES,Northwest Cabarrus MS,Northwest Cabarrus HS,not_available,not_scored,False,internal_experiment_not_for_public_decision
CFS-PARCEL-0149785549,56020251310000,2022,False,0.9598061588720327,5,0.9999636419826027,0.17329164064965935,1650.0,9521.521025562774,R8,residential,RV,residential,Kannapolis,2015.0,7.0,prior_available_year,False,False,False,0,16.0,2006.0,code_and_category_changed,review_required,False,False,0,0,0,0,0,,,False,False,False,10.0,Charles E Boger ES,Northwest Cabarrus MS,Northwest Cabarrus HS,not_available,not_scored,False,internal_experiment_not_for_public_decision
CFS-PARCEL-0149785833,56020116870000,2022,False,0.9598061588720327,6,0.9999545524782534,0.011004994149288207,110.0,9995.461924631254,R8,residential,RV,residential,Kannapolis,2015.0,7.0,prior_available_year,False,False,False,0,16.0,2006.0,code_and_category_changed,review_required,False,False,0,0,0,0,0,,,False,False,False,10.0,Charles E Boger ES,Northwest Cabarrus MS,Northwest Cabarrus HS,not_available,not_scored,False,internal_experiment_not_for_public_decision
CFS-PARCEL-0149785918,56020263990000,2022,False,0.9598061588720327,7,0.9999454629739041,22.012849629557405,161560.0,7339.349639815277,R8,residential,RV,residential,Kannapolis,2015.0,7.0,prior_available_year,False,False,False,0,16.0,2006.0,code_and_category_changed,review_required,False,False,0,0,0,0,0,,,True,True,True,87.83,Charles E Boger ES,Northwest Cabarrus MS,Northwest Cabarrus HS,not_available,not_scored,False,internal_experiment_not_for_public_decision
CFS-PARCEL-0149730517,46717252750000,2022,False,0.9590515911906116,8,0.9999363734695547,0.284633977239285,709950.0,456726.92087182583,RV-CU,residential,CURV,residential,Concord,2015.0,7.0,prior_available_year,False,False,False,0,13.0,2009.0,code_and_category_changed,review_required,False,False,0,0,0,0,0,5.42,5.44,False,False,False,10.0,W R Odell ES,Harris Road MS,Cox Mill HS,not_available,not_scored,False,internal_experiment_not_for_public_decision
CFS-PARCEL-0149730580,46717271770000,2022,False,0.9590515911906116,9,0.9999272839652054,0.2324514827713706,682970.0,559256.488494257,RV-CU,residential,CURV,residential,Concord,2015.0,7.0,prior_available_year,False,False,False,0,13.0,2009.0,code_and_category_changed,review_required,False,False,0,0,0,0,0,5.43,5.45,False,False,False,10.0,W R Odell ES,Harris Road MS,Cox Mill HS,not_available,not_scored,False,internal_experiment_not_for_public_decision
CFS-PARCEL-0149730625,46717331510000,2022,False,0.9590515911906116,10,0.9999181944608561,0.23754158321487492,688130.0,547272.60061412,RV-CU,residential,CURV,residential,Concord,2015.0,7.0,prior_available_year,False,False,False,0,13.0,2009.0,code_and_category_changed,review_required,False,False,0,0,0,0,0,5.42,5.44,False,False,False,10.0,W R Odell ES,Harris Road MS,Cox Mill HS,not_available,not_scored,False,internal_experiment_not_for_public_decision
CFS-PARCEL-0149730895,46717275040000,2022,False,0.9590515911906116,11,0.9999091049565068,0.2202912013067922,649690.0,590127.9725600722,RV-CU,residential,CURV,residential,Concord,2015.0,7.0,prior_available_year,False,False,False,0,13.0,2009.0,code_and_category_changed,review_required,False,False,0,0,0,0,0,5.28,5.3,False,False,False,10.0,W R Odell ES,Harris Road MS,Cox Mill HS,not_available,not_scored,False,internal_experiment_not_for_public_decision
CFS-PARCEL-0149730896,46717282420000,2022,False,0.9590515911906116,12,0.9999000154521573,0.2852741540512389,720110.0,455701.99106313125,RV-CU,residential,CURV,residential,Concord,2015.0,7.0,prior_available_year,False,False,False,0,13.0,2009.0,code_and_category_changed,review_required,False,False,0,0,0,0,0,5.33,5.34,False,False,False,10.0,W R Odell ES,Harris Road MS,Cox Mill HS,not_available,not_scored,False,internal_experiment_not_for_public_decision
CFS-PARCEL-0149731684,46717248760000,2022,False,0.9590515911906116,13,0.999890925947808,0.21869220538577763,573660.0,594442.7684136125,RV-CU,residential,CURV,residential,Concord,2015.0,7.0,prior_available_year,False,False,False,0,13.0,2009.0,code_and_category_changed,review_required,False,False,0,0,0,0,0,5.44,5.45,False,False,False,10.0,W R Odell ES,Harris Road MS,Cox Mill HS,not_available,not_scored,False,internal_experiment_not_for_public_decision
CFS-PARCEL-0149732114,46718203030000,2022,False,0.9590515911906116,14,0.9998818364434587,0.2847988399146356,672820.0,456462.53348140616,RV-CU,residential,CURV,residential,Concord,2015.0,7.0,prior_available_year,False,False,False,0,13.0,2009.0,code_and_category_changed,review_required,False,False,0,0,0,0,0,5.51,5.52,False,False,False,10.0,W R Odell ES,Harris Road MS,Cox Mill HS,not_available,not_scored,False,internal_experiment_not_for_public_decision
CFS-PARCEL-0149732686,46717260020000,2022,False,0.9590515911906116,15,0.9998727469391094,0.24623745286463422,615010.0,527945.6820545726,RV-CU,residential,CURV,residential,Concord,2015.0,7.0,prior_available_year,False,False,False,0,13.0,2009.0,code_and_category_changed,review_required,False,False,0,0,0,0,0,5.49,5.54,False,False,False,10.0,W R Odell ES,Harris Road MS,Cox Mill HS,not_available,not_scored,False,internal_experiment_not_for_public_decision
CFS-PARCEL-0149732687,46717284040000,2022,False,0.9590515911906116,16,0.9998636574347601,0.22024769425979837,707850.0,590244.5446110116,RV-CU,residential,CURV,residential,Concord,2015.0,7.0,prior_available_year,False,False,False,0,13.0,2009.0,code_and_category_changed,review_required,False,False,0,0,0,0,0,5.38,5.45,False,False,False,10.0,W R Odell ES,Harris Road MS,Cox Mill HS,not_available,not_scored,False,internal_experiment_not_for_public_decision
CFS-PARCEL-0149739270,46822299330000,2022,False,0.9556098251679891,17,0.9998545679304107,0.08765329674264373,0.0,0.0,R8,residential,RV,residential,Kannapolis,2015.0,7.0,prior_available_year,False,False,False,0,12.0,2010.0,code_and_category_changed,review_required,False,False,0,0,0,0,0,,,False,False,False,10.0,W R Odell ES,Northwest Cabarrus MS,Northwest Cabarrus HS,not_available,not_scored,False,internal_experiment_not_for_public_decision
CFS-PARCEL-0149739325,46820298210000,2022,False,0.9556098251679891,18,0.9998454784260614,0.20287287936053236,0.0,0.0,R8,residential,RV,residential,Kannapolis,2015.0,7.0,prior_available_year,False,False,False,0,12.0,2010.0,code_and_category_changed,review_required,False,False,0,0,0,0,0,,,True,False,True,82.91,W R Odell ES,Northwest Cabarrus MS,Northwest Cabarrus HS,not_available,not_scored,False,internal_experiment_not_for_public_decision
CFS-PARCEL-0149739336,46820296200000,2022,False,0.9556098251679891,19,0.9998363889217121,0.3950213154216711,0.0,0.0,R8,residential,RV,residential,Kannapolis,2015.0,7.0,prior_available_year,False,False,False,0,12.0,2010.0,code_and_category_changed,review_required,False,False,0,0,0,0,0,,,False,False,False,10.0,W R Odell ES,Northwest Cabarrus MS,Northwest Cabarrus HS,not_available,not_scored,False,internal_experiment_not_for_public_decision
CFS-PARCEL-0149739402,46820290120000,2022,False,0.9556098251679891,20,0.9998272994173628,25.1249887997028,0.0,0.0,R8,residential,RV,residential,Kannapolis,2015.0,7.0,prior_available_year,False,False,False,0,12.0,2010.0,code_and_category_changed,review_required,False,False,0,0,0,0,0,,,True,False,True,65.73,W R Odell ES,Northwest Cabarrus MS,Northwest Cabarrus HS,not_available,not_scored,False,internal_experiment_not_for_public_decision
CFS-PARCEL-0149739405,46823146820000,2022,False,0.9556098251679891,21,0.9998182099130134,0.45784768309320945,0.0,0.0,R8,residential,RV,residential,Kannapolis,2015.0,7.0,prior_available_year,False,False,False,0,12.0,2010.0,code_and_category_changed,review_required,False,False,0,0,0,0,0,,,False,False,False,10.0,W R Odell ES,Northwest Cabarrus MS,Northwest Cabarrus HS,not_available,not_scored,False,internal_experiment_not_for_public_decision
CFS-PARCEL-0149739443,46821335330000,2022,False,0.9556098251679891,22,0.9998091204086641,0.08946551251349556,0.0,0.0,R8,residential,RV,residential,Kannapolis,2015.0,7.0,prior_available_year,False,False,False,0,12.0,2010.0,code_and_category_changed,review_required,False,False,0,0,0,0,0,,,False,False,False,10.0,W R Odell ES,Northwest Cabarrus MS,Northwest Cabarrus HS,not_available,not_scored,False,internal_experiment_not_for_public_decision
CFS-PARCEL-0149739453,46821197210000,2022,False,0.9556098251679891,23,0.9998000309043148,0.3800035312230893,578450.0,299997.21221820393,R8,residential,RV,residential,Kannapolis,2015.0,7.0,prior_available_year,False,False,False,0,12.0,2010.0,code_and_category_changed,review_required,False,False,0,0,0,0,0,,,False,False,False,10.0,W R Odell ES,Northwest Cabarrus MS,Northwest Cabarrus HS,not_available,not_scored,False,internal_experiment_not_for_public_decision
CFS-PARCEL-0149739466,46823234860000,2022,False,0.9556098251679891,24,0.9997909413999655,3.831644179525012,0.0,0.0,R8,residential,RV,residential,Kannapolis,2015.0,7.0,prior_available_year,False,False,False,0,12.0,2010.0,code_and_category_changed,review_required,False,False,0,0,0,0,0,,,False,False,False,10.0,W R Odell ES,Northwest Cabarrus MS,Northwest Cabarrus HS,not_available,not_scored,False,internal_experiment_not_for_public_decision
CFS-PARCEL-0149739469,46823268140000,2022,False,0.9556098251679891,25,0.9997818518956161,0.8834511353254451,0.0,0.0,R8,residential,RV,residential,Kannapolis,2015.0,7.0,prior_available_year,False,False,False,0,12.0,2010.0,code_and_category_changed,review_required,False,False,0,0,0,0,0,,,False,False,False,10.0,W R Odell ES,Northwest Cabarrus MS,Northwest Cabarrus HS,not_available,not_scored,False,internal_experiment_not_for_public_decision
CFS-PARCEL-0149739474,46821365650000,2022,False,0.9556098251679891,26,0.9997727623912668,0.2250188242447013,0.0,0.0,R8,residential,RV,residential,Kannapolis,2015.0,7.0,prior_available_year,False,False,False,0,12.0,2010.0,code_and_category_changed,review_required,False,False,0,0,0,0,0,,,False,False,False,10.0,W R Odell ES,Northwest Cabarrus MS,Northwest Cabarrus HS,not_available,not_scored,False,internal_experiment_not_for_public_decision
CFS-PARCEL-0149739579,46822181520000,2022,False,0.9556098251679891,27,0.9997636728869175,1.414840415989745,0.0,0.0,R8,residential,RV,residential,Kannapolis,2015.0,7.0,prior_available_year,False,False,False,0,12.0,2010.0,code_and_category_changed,review_required,False,False,0,0,0,0,0,,,False,False,False,10.0,W R Odell ES,Northwest Cabarrus MS,Northwest Cabarrus HS,not_available,not_scored,False,internal_experiment_not_for_public_decision
CFS-PARCEL-0149739584,46822279630000,2022,False,0.9556098251679891,28,0.9997545833825682,0.10417906087938895,0.0,0.0,R8,residential,RV,residential,Kannapolis,2015.0,7.0,prior_available_year,False,False,False,0,12.0,2010.0,code_and_category_changed,review_required,False,False,0,0,0,0,0,,,False,False,False,10.0,W R Odell ES,Northwest Cabarrus MS,Northwest Cabarrus HS,not_available,not_scored,False,internal_experiment_not_for_public_decision
CFS-PARCEL-0149739599,46822076600000,2022,False,0.9556098251679891,29,0.9997454938782189,0.44243344572691246,0.0,0.0,R8,residential,RV,residential,Kannapolis,2015.0,7.0,prior_available_year,False,False,False,0,12.0,2010.0,code_and_category_changed,review_required,False,False,0,0,0,0,0,,,False,False,False,10.0,W R Odell ES,Northwest Cabarrus MS,Northwest Cabarrus HS,not_available,not_scored,False,internal_experiment_not_for_public_decision
CFS-PARCEL-0149739614,46823102600000,2022,False,0.9556098251679891,30,0.9997364043738695,0.41190439705727944,0.0,0.0,R8,residential,RV,residential,Kannapolis,2015.0,7.0,prior_available_year,False,False,False,0,12.0,2010.0,code_and_category_changed,review_required,False,False,0,0,0,0,0,,,False,False,False,10.0,W R Odell ES,Northwest Cabarrus MS,Northwest Cabarrus HS,not_available,not_scored,False,internal_experiment_not_for_public_decision
CFS-PARCEL-0149739658,46822199220000,2022,False,0.9556098251679891,31,0.9997273148695202,0.3629572130315219,552720.0,314086.60830250365,R8,residential,RV,residential,Kannapolis,2015.0,7.0,prior_available_year,False,False,False,0,12.0,2010.0,code_and_category_changed,review_required,False,False,0,0,0,0,0,,,False,False,False,10.0,W R Odell ES,Northwest Cabarrus MS,Northwest Cabarrus HS,not_available,not_scored,False,internal_experiment_not_for_public_decision
CFS-PARCEL-0149739674,46823131900000,2022,False,0.9556098251679891,32,0.9997182253651709,2.999229880481129,0.0,0.0,R8,residential,RV,residential,Kannapolis,2015.0,7.0,prior_available_year,False,False,False,0,12.0,2010.0,code_and_category_changed,review_required,False,False,0,0,0,0,0,,,False,False,False,10.0,W R Odell ES,Northwest Cabarrus MS,Northwest Cabarrus HS,not_available,not_scored,False,internal_experiment_not_for_public_decision
CFS-PARCEL-0149739679,46823232110000,2022,False,0.9556098251679891,33,0.9997091358608216,0.34846464241299435,611250.0,327149.40376903187,R8,residential,RV,residential,Kannapolis,2015.0,7.0,prior_available_year,False,False,False,0,12.0,2010.0,code_and_category_changed,review_required,False,False,0,0,0,0,0,5.55,,False,False,False,10.0,W R Odell ES,Northwest Cabarrus MS,Northwest Cabarrus HS,not_available,not_scored,False,internal_experiment_not_for_public_decision
CFS-PARCEL-0149739691,46822305750000,2022,False,0.9556098251679891,34,0.9997000463564721,0.24388655709103452,0.0,0.0,R8,residential,RV,residential,Kannapolis,2015.0,7.0,prior_available_year,False,False,False,0,12.0,2010.0,code_and_category_changed,review_required,False,False,0,0,0,0,0,,,False,False,False,10.0,W R Odell ES,Northwest Cabarrus MS,Northwest Cabarrus HS,not_available,not_scored,False,internal_experiment_not_for_public_decision
CFS-PARCEL-0149739751,46823228550000,2022,False,0.9556098251679891,35,0.9996909568521228,0.2250498517964097,572650.0,506554.43267356406,R8,residential,RV,residential,Kannapolis,2015.0,7.0,prior_available_year,False,False,False,0,12.0,2010.0,code_and_category_changed,review_required,False,False,0,0,0,0,0,,,False,False,False,10.0,W R Odell ES,Northwest Cabarrus MS,Northwest Cabarrus HS,not_available,not_scored,False,internal_experiment_not_for_public_decision
CFS-PARCEL-0149739759,46823265540000,2022,False,0.9556098251679891,36,0.9996818673477735,0.24919182977697907,480210.0,457478.88324439595,R8,residential,RV,residential,Kannapolis,2015.0,7.0,prior_available_year,False,False,False,0,12.0,2010.0,code_and_category_changed,review_required,False,False,0,0,0,0,0,,,False,False,False,10.0,W R Odell ES,Northwest Cabarrus MS,Northwest Cabarrus HS,not_available,not_scored,False,internal_experiment_not_for_public_decision
CFS-PARCEL-0149739797,46823286080000,2022,False,0.9556098251679891,37,0.9996727778434242,0.22518734554203285,545010.0,506245.1432410578,R8,residential,RV,residential,Kannapolis,2015.0,7.0,prior_available_year,False,False,False,0,12.0,2010.0,code_and_category_changed,review_required,False,False,0,0,0,0,0,,,False,False,False,10.0,W R Odell ES,Northwest Cabarrus MS,Northwest Cabarrus HS,not_available,not_scored,False,internal_experiment_not_for_public_decision
CFS-PARCEL-0149739869,46821113130000,2022,False,0.9556098251679891,38,0.9996636883390748,0.4332800901053669,735530.0,263109.251044231,R8,residential,RV,residential,Kannapolis,2015.0,7.0,prior_available_year,False,False,False,0,12.0,2010.0,code_and_category_changed,review_required,False,False,0,0,0,0,0,,,False,False,False,10.0,W R Odell ES,Northwest Cabarrus MS,Northwest Cabarrus HS,not_available,not_scored,False,internal_experiment_not_for_public_decision
CFS-PARCEL-0149739974,46821134790000,2022,False,0.9556098251679891,39,0.9996545988347255,0.34444480282935586,611190.0,330967.39757306676,R8,residential,RV,residential,Kannapolis,2015.0,7.0,prior_available_year,False,False,False,0,12.0,2010.0,code_and_category_changed,review_required,False,False,0,0,0,0,0,,,False,False,False,10.0,W R Odell ES,Northwest Cabarrus MS,Northwest Cabarrus HS,not_available,not_scored,False,internal_experiment_not_for_public_decision
CFS-PARCEL-0149739975,46821144770000,2022,False,0.9556098251679891,40,0.9996455093303762,0.3744101547249604,588220.0,304478.92120806326,R8,residential,RV,residential,Kannapolis,2015.0,7.0,prior_available_year,False,False,False,0,12.0,2010.0,code_and_category_changed,review_required,False,False,0,0,0,0,0,,,False,False,False,10.0,W R Odell ES,Northwest Cabarrus MS,Northwest Cabarrus HS,not_available,not_scored,False,internal_experiment_not_for_public_decision
CFS-PARCEL-0149740111,46822265090000,2022,False,0.9556098251679891,41,0.9996364198260269,0.24914338874672712,579620.0,457567.83101272467,R8,residential,RV,residential,Kannapolis,2015.0,7.0,prior_available_year,False,False,False,0,12.0,2010.0,code_and_category_changed,review_required,False,False,0,0,0,0,0,,,False,False,False,10.0,W R Odell ES,Northwest Cabarrus MS,Northwest Cabarrus HS,not_available,not_scored,False,internal_experiment_not_for_public_decision
CFS-PARCEL-0149740131,46822298650000,2022,False,0.9556098251679891,42,0.9996273303216776,0.25582798257122996,581090.0,445611.9258504455,R8,residential,RV,residential,Kannapolis,2015.0,7.0,prior_available_year,False,False,False,0,12.0,2010.0,code_and_category_changed,review_required,False,False,0,0,0,0,0,,,False,False,False,10.0,W R Odell ES,Northwest Cabarrus MS,Northwest Cabarrus HS,not_available,not_scored,False,internal_experiment_not_for_public_decision
CFS-PARCEL-0149740148,46822341380000,2022,False,0.9556098251679891,43,0.9996182408173282,6.56164811403392,0.0,0.0,R8,residential,RV,residential,Kannapolis,2015.0,7.0,prior_available_year,False,False,False,0,12.0,2010.0,code_and_category_changed,review_required,False,False,0,0,0,0,0,,,False,False,False,10.0,W R Odell ES,Northwest Cabarrus MS,Northwest Cabarrus HS,not_available,not_scored,False,internal_experiment_not_for_public_decision
CFS-PARCEL-0149740212,46823229940000,2022,False,0.9556098251679891,44,0.9996091513129789,0.25675036705087634,0.0,0.0,R8,residential,RV,residential,Kannapolis,2015.0,7.0,prior_available_year,False,False,False,0,12.0,2010.0,code_and_category_changed,review_required,False,False,0,0,0,0,0,,,False,False,False,10.0,W R Odell ES,Northwest Cabarrus MS,Northwest Cabarrus HS,not_available,not_scored,False,internal_experiment_not_for_public_decision
CFS-PARCEL-0149740239,46824211900000,2022,False,0.9556098251679891,45,0.9996000618086296,0.7485287310328198,0.0,0.0,R8,residential,RV,residential,Kannapolis,2015.0,7.0,prior_available_year,False,False,False,0,12.0,2010.0,code_and_category_changed,review_required,False,False,0,0,0,0,0,,,False,False,False,10.0,W R Odell ES,Northwest Cabarrus MS,Northwest Cabarrus HS,not_available,not_scored,False,internal_experiment_not_for_public_decision
CFS-PARCEL-0149740272,46823287630000,2022,False,0.9556098251679891,46,0.9995909723042803,0.14056811218893422,0.0,0.0,R8,residential,RV,residential,Kannapolis,2015.0,7.0,prior_available_year,False,False,False,0,12.0,2010.0,code_and_category_changed,review_required,False,False,0,0,0,0,0,,,False,False,False,10.0,W R Odell ES,Northwest Cabarrus MS,Northwest Cabarrus HS,not_available,not_scored,False,internal_experiment_not_for_public_decision
CFS-PARCEL-0149740289,46824158680000,2022,False,0.9556098251679891,47,0.9995818827999309,2.400544262301447,0.0,0.0,R8,residential,RV,residential,Kannapolis,2015.0,7.0,prior_available_year,False,False,False,0,12.0,2010.0,code_and_category_changed,review_required,False,False,0,0,0,0,0,,,False,False,False,10.0,W R Odell ES,Northwest Cabarrus MS,Northwest Cabarrus HS,not_available,not_scored,False,internal_experiment_not_for_public_decision
CFS-PARCEL-0149748463,46820283830000,2022,False,0.9556098251679891,48,0.9995727932955816,0.13818273211454105,0.0,0.0,R8,residential,RV,residential,Kannapolis,2015.0,7.0,prior_available_year,False,False,False,0,12.0,2010.0,code_and_category_changed,review_required,False,False,0,0,0,0,0,,,False,False,False,10.0,W R Odell ES,Northwest Cabarrus MS,Northwest Cabarrus HS,not_available,not_scored,False,internal_experiment_not_for_public_decision
CFS-PARCEL-0149748601,46821303620000,2022,False,0.9556098251679891,49,0.9995637037912323,3.586364971665848,0.0,0.0,R8,residential,RV,residential,Kannapolis,2015.0,7.0,prior_available_year,False,False,False,0,12.0,2010.0,code_and_category_changed,review_required,False,False,0,0,0,0,0,,,True,False,True,76.42,W R Odell ES,Northwest Cabarrus MS,Northwest Cabarrus HS,not_available,not_scored,False,internal_experiment_not_for_public_decision
CFS-PARCEL-0149748721,46822082350000,2022,False,0.9556098251679891,50,0.999554614286883,1.2943981635447863,0.0,0.0,R8,residential,RV,residential,Kannapolis,2015.0,7.0,prior_available_year,False,False,False,0,12.0,2010.0,code_and_category_changed,review_required,False,False,0,0,0,0,0,,,False,False,False,10.0,W R Odell ES,Northwest Cabarrus MS,Northwest Cabarrus HS,not_available,not_scored,False,internal_experiment_not_for_public_decision
CFS-PARCEL-0149748787,46822310880000,2022,False,0.9556098251679891,51,0.9995455247825336,0.24914218117271306,524950.0,457570.04881068965,R8,residential,RV,residential,Kannapolis,2015.0,7.0,prior_available_year,False,False,False,0,12.0,2010.0,code_and_category_changed,review_required,False,False,0,0,0,0,0,,,False,False,False,10.0,W R Odell ES,Northwest Cabarrus MS,Northwest Cabarrus HS,not_available,not_scored,False,internal_experiment_not_for_public_decision
CFS-PARCEL-0149749208,46823218150000,2022,False,0.9556098251679891,52,0.9995364352781843,0.24974265808006568,502250.0,456469.87533644505,R8,residential,RV,residential,Kannapolis,2015.0,7.0,prior_available_year,False,False,False,0,12.0,2010.0,code_and_category_changed,review_required,False,False,0,0,0,0,0,,,False,False,False,10.0,W R Odell ES,Northwest Cabarrus MS,Northwest Cabarrus HS,not_available,not_scored,False,internal_experiment_not_for_public_decision
CFS-PARCEL-0149749214,46823295980000,2022,False,0.9556098251679891,53,0.999527345773835,0.18652325983672144,0.0,0.0,R8,residential,RV,residential,Kannapolis,2015.0,7.0,prior_available_year,False,False,False,0,12.0,2010.0,code_and_category_changed,review_required,False,False,0,0,0,0,0,,,False,False,False,10.0,W R Odell ES,Northwest Cabarrus MS,Northwest Cabarrus HS,not_available,not_scored,False,internal_experiment_not_for_public_decision
CFS-PARCEL-0149749248,46824009800000,2022,False,0.9556098251679891,54,0.9995182562694856,1.5126962120973557,0.0,0.0,R8,residential,RV,residential,Kannapolis,2015.0,7.0,prior_available_year,False,False,False,0,12.0,2010.0,code_and_category_changed,review_required,False,False,0,0,0,0,0,,,False,False,False,10.0,W R Odell ES,Northwest Cabarrus MS,Northwest Cabarrus HS,not_available,not_scored,False,internal_experiment_not_for_public_decision
CFS-PARCEL-0149801927,56145207830000,2022,False,0.9556098251679891,55,0.9995091667651363,1.8900022111528572,,,R8,residential,RV,residential,Kannapolis,2015.0,7.0,prior_available_year,False,False,False,0,11.0,2011.0,code_and_category_changed,review_required,False,False,0,0,0,0,0,,,False,False,False,10.0,,,,not_available,not_scored,False,internal_experiment_not_for_public_decision
CFS-PARCEL-0149739407,46823177470000,2022,False,0.9544334226286618,56,0.9995000772607869,0.20565197224141732,582410.0,554334.58166,R8,residential,RV,residential,Kannapolis,2015.0,7.0,prior_available_year,False,False,False,0,12.0,2010.0,code_and_category_changed,review_required,False,False,0,0,0,0,0,5.54,5.8,False,False,False,10.0,W R Odell ES,Northwest Cabarrus MS,Northwest Cabarrus HS,not_available,not_scored,False,internal_experiment_not_for_public_decision
CFS-PARCEL-0149739594,46821295780000,2022,False,0.9544334226286618,57,0.9994909877564376,0.25259294199882726,546230.0,451319.0237933461,R8,residential,RV,residential,Kannapolis,2015.0,7.0,prior_available_year,False,False,False,0,12.0,2010.0,code_and_category_changed,review_required,False,False,0,0,0,0,0,5.68,7.43,False,False,False,10.0,W R Odell ES,Northwest Cabarrus MS,Northwest Cabarrus HS,not_available,not_scored,False,internal_experiment_not_for_public_decision
CFS-PARCEL-0149739745,46823153050000,2022,False,0.9544334226286618,58,0.9994818982520883,0.2098249062769185,560570.0,543310.1437898291,R8,residential,RV,residential,Kannapolis,2015.0,7.0,prior_available_year,False,False,False,0,12.0,2010.0,code_and_category_changed,review_required,False,False,0,0,0,0,0,5.47,5.48,False,False,False,10.0,W R Odell ES,Northwest Cabarrus MS,Northwest Cabarrus HS,not_available,not_scored,False,internal_experiment_not_for_public_decision
CFS-PARCEL-0149739746,46823177600000,2022,False,0.9544334226286618,59,0.999472808747739,0.1798085839272049,432230.0,634007.5513088555,R8,residential,RV,residential,Kannapolis,2015.0,7.0,prior_available_year,False,False,False,0,12.0,2010.0,code_and_category_changed,review_required,False,False,0,0,0,0,0,5.72,5.72,False,False,False,10.0,W R Odell ES,Northwest Cabarrus MS,Northwest Cabarrus HS,not_available,not_scored,False,internal_experiment_not_for_public_decision
CFS-PARCEL-0149740207,46823142880000,2022,False,0.9544334226286618,60,0.9994637192433896,0.20993903621008095,502730.0,543014.7820909445,R8,residential,RV,residential,Kannapolis,2015.0,7.0,prior_available_year,False,False,False,0,12.0,2010.0,code_and_category_changed,review_required,False,False,0,0,0,0,0,,6.12,False,False,False,10.0,W R Odell ES,Northwest Cabarrus MS,Northwest Cabarrus HS,not_available,not_scored,False,internal_experiment_not_for_public_decision
CFS-PARCEL-0149730582,46717285620000,2022,False,0.9539810179814262,61,0.9994546297390403,0.6863001399669061,0.0,0.0,RV-CU,residential,CURV,residential,Concord,2015.0,7.0,prior_available_year,False,False,False,0,13.0,2009.0,code_and_category_changed,review_required,False,False,0,0,0,0,0,,,False,False,False,10.0,W R Odell ES,Harris Road MS,Cox Mill HS,not_available,not_scored,False,internal_experiment_not_for_public_decision
CFS-PARCEL-0149730890,46717148250000,2022,False,0.9539810179814262,62,0.999445540234691,0.32016405198914427,0.0,0.0,RV-CU,residential,CURV,residential,Concord,2015.0,7.0,prior_available_year,False,False,False,0,13.0,2009.0,code_and_category_changed,review_required,False,False,0,0,0,0,0,,,True,False,True,84.32,W R Odell ES,Harris Road MS,Cox Mill HS,not_available,not_scored,False,internal_experiment_not_for_public_decision
CFS-PARCEL-0149731059,46717259190000,2022,False,0.9539810179814262,63,0.9994364507303417,0.7196266396022556,0.0,0.0,RV-CU,residential,CURV,residential,Concord,2015.0,7.0,prior_available_year,False,False,False,0,13.0,2009.0,code_and_category_changed,review_required,False,False,0,0,0,0,0,,,False,False,False,10.0,W R Odell ES,Harris Road MS,Cox Mill HS,not_available,not_scored,False,internal_experiment_not_for_public_decision
CFS-PARCEL-0149732683,46717237200000,2022,False,0.9539810179814262,64,0.9994273612259923,0.30633970699437574,708300.0,424365.49044028023,RV-CU,residential,CURV,residential,Concord,2015.0,7.0,prior_available_year,False,False,False,0,13.0,2009.0,code_and_category_changed,review_required,False,False,0,0,0,0,0,,,False,False,False,10.0,W R Odell ES,Harris Road MS,Cox Mill HS,not_available,not_scored,False,internal_experiment_not_for_public_decision
CFS-PARCEL-0149737794,46717223210000,2022,False,0.9539810179814262,65,0.999418271721643,0.1824560698483939,0.0,0.0,RV-CU,residential,CURV,residential,Concord,2015.0,7.0,prior_available_year,False,False,False,0,13.0,2009.0,code_and_category_changed,review_required,False,False,0,0,0,0,0,,,False,False,False,10.0,W R Odell ES,Harris Road MS,Cox Mill HS,not_available,not_scored,False,internal_experiment_not_for_public_decision
CFS-PARCEL-0149757984,55194484060000,2022,False,0.9539810179814262,66,0.9994091822172937,0.11852762843294974,260.0,2193.581390579161,RC-CD,unknown,CURV,residential,Concord,2015.0,7.0,prior_available_year,False,False,False,0,13.0,2009.0,code_and_category_changed,review_required,False,False,0,0,0,0,0,,,False,False,False,10.0,Wolf Meadow ES,Harold Winkler MS,West Cabarrus HS,not_available,not_scored,False,internal_experiment_not_for_public_decision
CFS-PARCEL-0149758010,55194493940000,2022,True,0.9539810179814262,67,0.9994000927129444,0.1938451932688088,379740.0,386906.6791663803,RC-CD,unknown,CURV,residential,Concord,2015.0,7.0,prior_available_year,False,False,False,0,13.0,2009.0,code_and_category_changed,review_required,False,False,0,0,0,0,0,,,False,False,False,10.0,Wolf Meadow ES,Harold Winkler MS,West Cabarrus HS,not_available,not_scored,False,internal_experiment_not_for_public_decision
CFS-PARCEL-0149758015,55195318040000,2022,True,0.9539810179814262,68,0.9993910032085951,0.14581076271502036,384860.0,514365.32258310483,RC-CD,unknown,CURV,residential,Concord,2015.0,7.0,prior_available_year,False,False,False,0,13.0,2009.0,code_and_category_changed,review_required,False,False,0,0,0,0,0,,,False,False,False,10.0,Wolf Meadow ES,Harold Winkler MS,West Cabarrus HS,not_available,not_scored,False,internal_experiment_not_for_public_decision
CFS-PARCEL-0149758038,55195471060000,2022,False,0.9539810179814262,69,0.9993819137042457,3.6605266172216666,8840.0,2414.953072164667,RC-CD,unknown,CURV,residential,Concord,2015.0,7.0,prior_available_year,False,False,False,0,13.0,2009.0,code_and_category_changed,review_required,False,False,0,0,0,0,0,,,False,False,False,10.0,Wolf Meadow ES,Harold Winkler MS,West Cabarrus HS,not_available,not_scored,False,internal_experiment_not_for_public_decision
CFS-PARCEL-0149758188,55194454820000,2022,True,0.9539810179814262,70,0.9993728241998964,0.2194309354614804,382530.0,341793.19266114023,RC-CD,unknown,CURV,residential,Concord,2015.0,7.0,prior_available_year,False,False,False,0,13.0,2009.0,code_and_category_changed,review_required,False,False,0,0,0,0,0,,,False,False,False,10.0,Wolf Meadow ES,Harold Winkler MS,West Cabarrus HS,not_available,not_scored,False,internal_experiment_not_for_public_decision
CFS-PARCEL-0149758189,55194462670000,2022,True,0.9539810179814262,71,0.9993637346955471,0.1435120036374901,383510.0,522604.3682690771,RC-CD,unknown,CURV,residential,Concord,2015.0,7.0,prior_available_year,False,False,False,0,13.0,2009.0,code_and_category_changed,review_required,False,False,0,0,0,0,0,,,False,False,False,10.0,Wolf Meadow ES,Harold Winkler MS,West Cabarrus HS,not_available,not_scored,False,internal_experiment_not_for_public_decision
CFS-PARCEL-0149758191,55194474810000,2022,True,0.9539810179814262,72,0.9993546451911978,0.15732605775161856,381420.0,476716.96012625983,RC-CD,unknown,CURV,residential,Concord,2015.0,7.0,prior_available_year,False,False,False,0,13.0,2009.0,code_and_category_changed,review_required,False,False,0,0,0,0,0,,,False,False,False,10.0,Wolf Meadow ES,Harold Winkler MS,West Cabarrus HS,not_available,not_scored,False,internal_experiment_not_for_public_decision
CFS-PARCEL-0149758192,55194476800000,2022,True,0.9539810179814262,73,0.9993455556868484,0.16598402046274852,379800.0,451850.7250933358,RC-CD,unknown,CURV,residential,Concord,2015.0,7.0,prior_available_year,False,False,False,0,13.0,2009.0,code_and_category_changed,review_required,False,False,0,0,0,0,0,,,False,False,False,10.0,Wolf Meadow ES,Harold Winkler MS,West Cabarrus HS,not_available,not_scored,False,internal_experiment_not_for_public_decision
CFS-PARCEL-0149758194,55194485390000,2022,True,0.9539810179814262,74,0.999336466182499,0.1542330153600729,382150.0,486277.2074118162,RC-CD,unknown,CURV,residential,Concord,2015.0,7.0,prior_available_year,False,False,False,0,13.0,2009.0,code_and_category_changed,review_required,False,False,0,0,0,0,0,,,False,False,False,10.0,Wolf Meadow ES,Harold Winkler MS,West Cabarrus HS,not_available,not_scored,False,internal_experiment_not_for_public_decision
CFS-PARCEL-0149758248,55195402490000,2022,True,0.9539810179814262,75,0.9993273766781497,0.19944493141067662,382150.0,376043.65009190264,RC-CD,unknown,CURV,residential,Concord,2015.0,7.0,prior_available_year,False,False,False,0,13.0,2009.0,code_and_category_changed,review_required,False,False,0,0,0,0,0,,,False,False,False,10.0,Wolf Meadow ES,Harold Winkler MS,West Cabarrus HS,not_available,not_scored,False,internal_experiment_not_for_public_decision
CFS-PARCEL-0149758698,55194455430000,2022,True,0.9539810179814262,76,0.9993182871738004,0.2194296812527738,382530.0,341795.1462710423,RC-CD,unknown,CURV,residential,Concord,2015.0,7.0,prior_available_year,False,False,False,0,13.0,2009.0,code_and_category_changed,review_required,False,False,0,0,0,0,0,,,False,False,False,10.0,Wolf Meadow ES,Harold Winkler MS,West Cabarrus HS,not_available,not_scored,False,internal_experiment_not_for_public_decision
CFS-PARCEL-0149758699,55194466540000,2022,True,0.9539810179814262,77,0.999309197669451,0.2194277935912435,380180.0,341798.0866166489,RC-CD,unknown,CURV,residential,Concord,2015.0,7.0,prior_available_year,False,False,False,0,13.0,2009.0,code_and_category_changed,review_required,False,False,0,0,0,0,0,,,False,False,False,10.0,Wolf Meadow ES,Harold Winkler MS,West Cabarrus HS,not_available,not_scored,False,internal_experiment_not_for_public_decision
CFS-PARCEL-0149758736,55194456800000,2022,True,0.9539810179814262,78,0.9993001081651017,0.21943153101863613,382530.0,341792.26500329305,RC-CD,unknown,CURV,residential,Concord,2015.0,7.0,prior_available_year,False,False,False,0,13.0,2009.0,code_and_category_changed,review_required,False,False,0,0,0,0,0,,,False,False,False,10.0,Wolf Meadow ES,Harold Winkler MS,West Cabarrus HS,not_available,not_scored,False,internal_experiment_not_for_public_decision
CFS-PARCEL-0149758747,55194482810000,2022,True,0.9539810179814262,79,0.9992910186607524,0.18463319470596237,379520.0,406210.8123051289,RC-CD,unknown,CURV,residential,Concord,2015.0,7.0,prior_available_year,False,False,False,0,13.0,2009.0,code_and_category_changed,review_required,False,False,0,0,0,0,0,,,False,False,False,10.0,Wolf Meadow ES,Harold Winkler MS,West Cabarrus HS,not_available,not_scored,False,internal_experiment_not_for_public_decision
CFS-PARCEL-0149758768,55194473650000,2022,True,0.9539810179814262,80,0.9992819291564031,0.19877055054988693,382020.0,377319.47611211496,RC-CD,unknown,CURV,residential,Concord,2015.0,7.0,prior_available_year,False,False,False,0,13.0,2009.0,code_and_category_changed,review_required,False,False,0,0,0,0,0,,,False,False,False,10.0,Wolf Meadow ES,Harold Winkler MS,West Cabarrus HS,not_available,not_scored,False,internal_experiment_not_for_public_decision
CFS-PARCEL-0149758791,55195414260000,2022,True,0.9539810179814262,81,0.9992728396520538,0.15423089078202334,379800.0,486283.9060302034,RC-CD,unknown,CURV,residential,Concord,2015.0,7.0,prior_available_year,False,False,False,0,13.0,2009.0,code_and_category_changed,review_required,False,False,0,0,0,0,0,,,False,False,False,10.0,Wolf Meadow ES,Harold Winkler MS,West Cabarrus HS,not_available,not_scored,False,internal_experiment_not_for_public_decision
CFS-PARCEL-0149758866,55194471940000,2022,True,0.9539810179814262,82,0.9992637501477044,0.14773118718357808,377630.0,507678.8552900566,RC-CD,unknown,CURV,residential,Concord,2015.0,7.0,prior_available_year,False,False,False,0,13.0,2009.0,code_and_category_changed,review_required,False,False,0,0,0,0,0,,,False,False,False,10.0,Wolf Meadow ES,Harold Winkler MS,West Cabarrus HS,not_available,not_scored,False,internal_experiment_not_for_public_decision
CFS-PARCEL-0149758867,55194473100000,2022,True,0.9539810179814262,83,0.9992546606433551,0.18380651065910797,379670.0,408037.77695936366,RC-CD,unknown,CURV,residential,Concord,2015.0,7.0,prior_available_year,False,False,False,0,13.0,2009.0,code_and_category_changed,review_required,False,False,0,0,0,0,0,,,False,False,False,10.0,Wolf Meadow ES,Harold Winkler MS,West Cabarrus HS,not_available,not_scored,False,internal_experiment_not_for_public_decision
CFS-PARCEL-0149758883,55195404890000,2022,True,0.9539810179814262,84,0.9992455711390058,0.15422697362031432,382150.0,486296.2570000221,RC-CD,unknown,CURV,residential,Concord,2015.0,7.0,prior_available_year,False,False,False,0,13.0,2009.0,code_and_category_changed,review_required,False,False,0,0,0,0,0,,,False,False,False,10.0,Wolf Meadow ES,Harold Winkler MS,West Cabarrus HS,not_available,not_scored,False,internal_experiment_not_for_public_decision
CFS-PARCEL-0149758884,55195410900000,2022,True,0.9539810179814262,85,0.9992364816346565,0.7801932303138212,2350.0,0.0,RC-CD,unknown,CURV,residential,Concord,2015.0,7.0,prior_available_year,False,False,False,0,13.0,2009.0,code_and_category_changed,review_required,False,False,0,0,0,0,0,,,False,False,False,10.0,Wolf Meadow ES,Harold Winkler MS,West Cabarrus HS,not_available,not_scored,False,internal_experiment_not_for_public_decision
CFS-PARCEL-0149758909,55194464600000,2022,True,0.9539810179814262,86,0.9992273921303071,0.22816545190978524,379800.0,328708.8355061501,RC-CD,unknown,CURV,residential,Concord,2015.0,7.0,prior_available_year,False,False,False,0,13.0,2009.0,code_and_category_changed,review_required,False,False,0,0,0,0,0,,,False,False,False,10.0,Wolf Meadow ES,Harold Winkler MS,West Cabarrus HS,not_available,not_scored,False,internal_experiment_not_for_public_decision
CFS-PARCEL-0149758910,55194495370000,2022,True,0.9539810179814262,87,0.9992183026259578,0.15423250523624038,382150.0,486278.8157731168,RC-CD,unknown,CURV,residential,Concord,2015.0,7.0,prior_available_year,False,False,False,0,13.0,2009.0,code_and_category_changed,review_required,False,False,0,0,0,0,0,,,False,False,False,10.0,Wolf Meadow ES,Harold Winkler MS,West Cabarrus HS,not_available,not_scored,False,internal_experiment_not_for_public_decision
CFS-PARCEL-0149758916,55194308550000,2022,False,0.9539810179814262,88,0.9992092131216085,0.7053170660846626,0.0,0.0,RC-CD,unknown,CURV,residential,Concord,2015.0,7.0,prior_available_year,False,False,False,0,13.0,2009.0,code_and_category_changed,review_required,False,False,0,0,0,0,0,,,False,False,False,10.0,Wolf Meadow ES,Harold Winkler MS,West Cabarrus HS,not_available,not_scored,False,internal_experiment_not_for_public_decision
CFS-PARCEL-0149758931,55195315490000,2022,False,0.9539810179814262,89,0.9992001236172592,0.3089408161880199,0.0,0.0,RC-CD,unknown,CURV,residential,Concord,2015.0,7.0,prior_available_year,False,False,False,0,13.0,2009.0,code_and_category_changed,review_required,False,False,0,0,0,0,0,,,False,False,False,10.0,Wolf Meadow ES,Harold Winkler MS,West Cabarrus HS,not_available,not_scored,False,internal_experiment_not_for_public_decision
CFS-PARCEL-0149758934,55195411180000,2022,True,0.9539810179814262,90,0.9991910341129098,0.18724597427505396,382150.0,400542.656740001,RC-CD,unknown,CURV,residential,Concord,2015.0,7.0,prior_available_year,False,False,False,0,13.0,2009.0,code_and_category_changed,review_required,False,False,0,0,0,0,0,,,False,False,False,10.0,Wolf Meadow ES,Harold Winkler MS,West Cabarrus HS,not_available,not_scored,False,internal_experiment_not_for_public_decision
CFS-PARCEL-0149758935,55195414620000,2022,True,0.9539810179814262,91,0.9991819446085605,0.15424046837106514,383640.0,486253.7101454347,RC-CD,unknown,CURV,residential,Concord,2015.0,7.0,prior_available_year,False,False,False,0,13.0,2009.0,code_and_category_changed,review_required,False,False,0,0,0,0,0,,,False,False,False,10.0,Wolf Meadow ES,Harold Winkler MS,West Cabarrus HS,not_available,not_scored,False,internal_experiment_not_for_public_decision
CFS-PARCEL-0149758936,55195423080000,2022,True,0.9539810179814262,92,0.9991728551042112,0.15423461938253744,379650.0,486272.1501842767,RC-CD,unknown,CURV,residential,Concord,2015.0,7.0,prior_available_year,False,False,False,0,13.0,2009.0,code_and_category_changed,review_required,False,False,0,0,0,0,0,,,False,False,False,10.0,Wolf Meadow ES,Harold Winkler MS,West Cabarrus HS,not_available,not_scored,False,internal_experiment_not_for_public_decision
CFS-PARCEL-0149758937,55195423340000,2022,True,0.9539810179814262,93,0.9991637655998619,0.15252686370055338,383640.0,491716.66013695067,RC-CD,unknown,CURV,residential,Concord,2015.0,7.0,prior_available_year,False,False,False,0,13.0,2009.0,code_and_category_changed,review_required,False,False,0,0,0,0,0,,,False,False,False,10.0,Wolf Meadow ES,Harold Winkler MS,West Cabarrus HS,not_available,not_scored,False,internal_experiment_not_for_public_decision
CFS-PARCEL-0149758938,55194353780000,2022,False,0.9539810179814262,94,0.9991546760955126,0.684850940266255,0.0,0.0,RC-CD,unknown,CURV,residential,Concord,2015.0,7.0,prior_available_year,False,False,False,0,13.0,2009.0,code_and_category_changed,review_required,False,False,0,0,0,0,0,,,False,False,False,10.0,Wolf Meadow ES,Harold Winkler MS,West Cabarrus HS,not_available,not_scored,False,internal_experiment_not_for_public_decision
CFS-PARCEL-0149758943,55194481370000,2022,True,0.9539810179814262,95,0.9991455865911631,0.16584302116011365,382020.0,452234.8873974686,RC-CD,unknown,CURV,residential,Concord,2015.0,7.0,prior_available_year,False,False,False,0,13.0,2009.0,code_and_category_changed,review_required,False,False,0,0,0,0,0,,,False,False,False,10.0,Wolf Meadow ES,Harold Winkler MS,West Cabarrus HS,not_available,not_scored,False,internal_experiment_not_for_public_decision
CFS-PARCEL-0149758944,55194485880000,2022,True,0.9539810179814262,96,0.9991364970868138,0.15422876986147774,379650.0,486290.59330086125,RC-CD,unknown,CURV,residential,Concord,2015.0,7.0,prior_available_year,False,False,False,0,13.0,2009.0,code_and_category_changed,review_required,False,False,0,0,0,0,0,,,False,False,False,10.0,Wolf Meadow ES,Harold Winkler MS,West Cabarrus HS,not_available,not_scored,False,internal_experiment_not_for_public_decision
CFS-PARCEL-0149758951,55194492150000,2022,True,0.9539810179814262,97,0.9991274075824645,0.19417093345687386,379800.0,386257.6064540463,RC-CD,unknown,CURV,residential,Concord,2015.0,7.0,prior_available_year,False,False,False,0,13.0,2009.0,code_and_category_changed,review_required,False,False,0,0,0,0,0,,,False,False,False,10.0,Wolf Meadow ES,Harold Winkler MS,West Cabarrus HS,not_available,not_scored,False,internal_experiment_not_for_public_decision
CFS-PARCEL-0149758952,55194492830000,2022,False,0.9539810179814262,98,0.9991183180781152,0.1384584198491026,300.0,2166.7154682752534,RC-CD,unknown,CURV,residential,Concord,2015.0,7.0,prior_available_year,False,False,False,0,13.0,2009.0,code_and_category_changed,review_required,False,False,0,0,0,0,0,,,False,False,False,10.0,Wolf Meadow ES,Harold Winkler MS,West Cabarrus HS,not_available,not_scored,False,internal_experiment_not_for_public_decision
CFS-PARCEL-0149758953,55194495850000,2022,True,0.9539810179814262,99,0.9991092285737658,0.15423059229739186,379800.0,486284.8471422767,RC-CD,unknown,CURV,residential,Concord,2015.0,7.0,prior_available_year,False,False,False,0,13.0,2009.0,code_and_category_changed,review_required,False,False,0,0,0,0,0,,,False,False,False,10.0,Wolf Meadow ES,Harold Winkler MS,West Cabarrus HS,not_available,not_scored,False,internal_experiment_not_for_public_decision
CFS-PARCEL-0149758957,55195318570000,2022,True,0.9539810179814262,100,0.9991001390694165,0.1747581533052795,397650.0,429164.5258403759,RC-CD,unknown,CURV,residential,Concord,2015.0,7.0,prior_available_year,False,False,False,0,13.0,2009.0,code_and_category_changed,review_required,False,False,0,0,0,0,0,,,False,False,False,10.0,Wolf Meadow ES,Harold Winkler MS,West Cabarrus HS,not_available,not_scored,False,internal_experiment_not_for_public_decision
CFS-PARCEL-0149758959,55195339900000,2022,False,0.9539810179814262,101,0.9990910495650672,1.899312563925854,4180.0,2200.7962667082006,RC-CD,unknown,CURV,residential,Concord,2015.0,7.0,prior_available_year,False,False,False,0,13.0,2009.0,code_and_category_changed,review_required,False,False,0,0,0,0,0,,,False,False,False,10.0,Wolf Meadow ES,Harold Winkler MS,West Cabarrus HS,not_available,not_scored,False,internal_experiment_not_for_public_decision
CFS-PARCEL-0149758961,55195405320000,2022,True,0.9539810179814262,102,0.9990819600607179,0.15422993423389297,379650.0,486286.922007377,RC-CD,unknown,CURV,residential,Concord,2015.0,7.0,prior_available_year,False,False,False,0,13.0,2009.0,code_and_category_changed,review_required,False,False,0,0,0,0,0,,,False,False,False,10.0,Wolf Meadow ES,Harold Winkler MS,West Cabarrus HS,not_available,not_scored,False,internal_experiment_not_for_public_decision
CFS-PARCEL-0149768170,55194444480000,2022,False,0.9539810179814262,103,0.9990728705563685,4.307939814456704,9430.0,2188.981370713338,RC-CD,unknown,CURV,residential,Concord,2015.0,7.0,prior_available_year,False,False,False,0,13.0,2009.0,code_and_category_changed,review_required,False,False,0,0,0,0,0,,,False,False,False,10.0,Wolf Meadow ES,Harold Winkler MS,West Cabarrus HS,not_available,not_scored,False,internal_experiment_not_for_public_decision
CFS-PARCEL-0149768237,55194476210000,2022,True,0.9539810179814262,104,0.9990637810520192,0.18316588983599152,383130.0,409464.88490381977,RC-CD,unknown,CURV,residential,Concord,2015.0,7.0,prior_available_year,False,False,False,0,13.0,2009.0,code_and_category_changed,review_required,False,False,0,0,0,0,0,,,False,False,False,10.0,Wolf Meadow ES,Harold Winkler MS,West Cabarrus HS,not_available,not_scored,False,internal_experiment_not_for_public_decision
CFS-PARCEL-0149768238,55194493380000,2022,True,0.9539810179814262,105,0.9990546915476699,0.22957159000632318,382150.0,326695.4765523654,RC-CD,unknown,CURV,residential,Concord,2015.0,7.0,prior_available_year,False,False,False,0,13.0,2009.0,code_and_category_changed,review_required,False,False,0,0,0,0,0,,,False,False,False,10.0,Wolf Meadow ES,Harold Winkler MS,West Cabarrus HS,not_available,not_scored,False,internal_experiment_not_for_public_decision
CFS-PARCEL-0149768280,55195402840000,2022,True,0.9539810179814262,106,0.9990456020433206,0.18207255971219552,379650.0,411923.6864607906,RC-CD,unknown,CURV,residential,Concord,2015.0,7.0,prior_available_year,False,False,False,0,13.0,2009.0,code_and_category_changed,review_required,False,False,0,0,0,0,0,,,False,False,False,10.0,Wolf Meadow ES,Harold Winkler MS,West Cabarrus HS,not_available,not_scored,False,internal_experiment_not_for_public_decision
CFS-PARCEL-0149768281,55195422590000,2022,True,0.9539810179814262,107,0.9990365125389713,0.14304062424489605,379800.0,524326.570832035,RC-CD,unknown,CURV,residential,Concord,2015.0,7.0,prior_available_year,False,False,False,0,13.0,2009.0,code_and_category_changed,review_required,False,False,0,0,0,0,0,,,False,False,False,10.0,Wolf Meadow ES,Harold Winkler MS,West Cabarrus HS,not_available,not_scored,False,internal_experiment_not_for_public_decision
CFS-PARCEL-0149761889,55274450030000,2022,False,0.9435053136970254,108,0.9990274230346219,13.786289666749422,112740.0,8177.689771883505,PUD,unknown,PUD,mixed_use_or_planned,Concord,2015.0,7.0,prior_available_year,False,False,False,0,16.0,2006.0,code_and_category_changed,decreased,False,False,0,0,0,0,0,,,True,True,True,98.38,Patriots ES,C C Griffin MS,Hickory Ridge HS,not_available,not_scored,False,internal_experiment_not_for_public_decision
CFS-PARCEL-0149761923,55275129940000,2022,True,0.9435053136970254,109,0.9990183335302726,0.03523725338740163,343320.0,2837905.6364181037,PUD,unknown,PUD,mixed_use_or_planned,Concord,2015.0,7.0,prior_available_year,False,False,False,0,16.0,2006.0,code_and_category_changed,decreased,False,False,0,0,0,0,0,,,False,False,False,10.0,Patriots ES,C C Griffin MS,Hickory Ridge HS,not_available,not_scored,False,internal_experiment_not_for_public_decision
CFS-PARCEL-0149761924,55275137350000,2022,True,0.9435053136970254,110,0.9990092440259233,0.03523501000786076,214380.0,2838086.323168079,PUD,unknown,PUD,mixed_use_or_planned,Concord,2015.0,7.0,prior_available_year,False,False,False,0,16.0,2006.0,code_and_category_changed,decreased,False,False,0,0,0,0,0,,,False,False,False,10.0,Patriots ES,C C Griffin MS,Hickory Ridge HS,not_available,not_scored,False,internal_experiment_not_for_public_decision
CFS-PARCEL-0149761927,55275138200000,2022,True,0.9435053136970254,111,0.999000154521574,0.03523562374819876,349060.0,2838036.888877609,PUD,unknown,PUD,mixed_use_or_planned,Concord,2015.0,7.0,prior_available_year,False,False,False,0,16.0,2006.0,code_and_category_changed,decreased,False,False,0,0,0,0,0,,,False,False,False,10.0,Patriots ES,C C Griffin MS,Hickory Ridge HS,not_available,not_scored,False,internal_experiment_not_for_public_decision
CFS-PARCEL-0149761928,55275148330000,2022,False,0.9435053136970254,112,0.9989910650172246,0.054334505242971995,100000.0,1840451.101060402,PUD,unknown,PUD,mixed_use_or_planned,Concord,2015.0,7.0,prior_available_year,False,False,False,0,16.0,2006.0,code_and_category_changed,decreased,False,False,0,0,0,0,0,,,False,False,False,10.0,Patriots ES,C C Griffin MS,Hickory Ridge HS,not_available,not_scored,False,internal_experiment_not_for_public_decision
CFS-PARCEL-0149761929,55275149050000,2022,False,0.9435053136970254,113,0.9989819755128753,0.05361054968483906,100000.0,1865304.507934933,PUD,unknown,PUD,mixed_use_or_planned,Concord,2015.0,7.0,prior_available_year,False,False,False,0,16.0,2006.0,code_and_category_changed,decreased,False,False,0,0,0,0,0,,,False,False,False,10.0,Patriots ES,C C Griffin MS,Hickory Ridge HS,not_available,not_scored,False,internal_experiment_not_for_public_decision
CFS-PARCEL-0149761930,55275156850000,2022,False,0.9435053136970254,114,0.998972886008526,0.022667941971156413,0.0,0.0,PUD,unknown,PUD,mixed_use_or_planned,Concord,2015.0,7.0,prior_available_year,False,False,False,0,16.0,2006.0,code_and_category_changed,decreased,False,False,0,0,0,0,0,,,False,False,False,10.0,Patriots ES,C C Griffin MS,Hickory Ridge HS,not_available,not_scored,False,internal_experiment_not_for_public_decision
CFS-PARCEL-0149761931,55275159640000,2022,False,0.9435053136970254,115,0.9989637965041767,0.04632256796428144,100000.0,2158774.96422712,PUD,unknown,PUD,mixed_use_or_planned,Concord,2015.0,7.0,prior_available_year,False,False,False,0,16.0,2006.0,code_and_category_changed,decreased,False,False,0,0,0,0,0,,,False,False,False,10.0,Patriots ES,C C Griffin MS,Hickory Ridge HS,not_available,not_scored,False,internal_experiment_not_for_public_decision
CFS-PARCEL-0149761932,55275159700000,2022,False,0.9435053136970254,116,0.9989547069998272,0.04745395039197182,100000.0,2107306.1183314645,PUD,unknown,PUD,mixed_use_or_planned,Concord,2015.0,7.0,prior_available_year,False,False,False,0,16.0,2006.0,code_and_category_changed,decreased,False,False,0,0,0,0,0,,,False,False,False,10.0,Patriots ES,C C Griffin MS,Hickory Ridge HS,not_available,not_scored,False,internal_experiment_not_for_public_decision
CFS-PARCEL-0149761940,55275155500000,2022,True,0.9435053136970254,117,0.9989456174954779,0.0578661212016995,339100.0,1728126.8888135368,PUD,unknown,PUD,mixed_use_or_planned,Concord,2015.0,7.0,prior_available_year,False,False,False,0,16.0,2006.0,code_and_category_changed,decreased,False,False,0,0,0,0,0,,,False,False,False,10.0,Patriots ES,C C Griffin MS,Hickory Ridge HS,not_available,not_scored,False,internal_experiment_not_for_public_decision
CFS-PARCEL-0149761941,55275159580000,2022,False,0.9435053136970254,118,0.9989365279911286,0.045040480507444046,100000.0,2220224.9814691152,PUD,unknown,PUD,mixed_use_or_planned,Concord,2015.0,7.0,prior_available_year,False,False,False,0,16.0,2006.0,code_and_category_changed,decreased,False,False,0,0,0,0,0,,,False,False,False,10.0,Patriots ES,C C Griffin MS,Hickory Ridge HS,not_available,not_scored,False,internal_experiment_not_for_public_decision
CFS-PARCEL-0149761942,55275159620000,2022,False,0.9435053136970254,119,0.9989274384867793,0.04685555112206947,100000.0,2134218.8407831774,PUD,unknown,PUD,mixed_use_or_planned,Concord,2015.0,7.0,prior_available_year,False,False,False,0,16.0,2006.0,code_and_category_changed,decreased,False,False,0,0,0,0,0,,,False,False,False,10.0,Patriots ES,C C Griffin MS,Hickory Ridge HS,not_available,not_scored,False,internal_experiment_not_for_public_decision
CFS-PARCEL-0149761943,55275166060000,2022,False,0.9435053136970254,120,0.99891834898243,0.04561658439912866,100000.0,2192185.1738182777,PUD,unknown,PUD,mixed_use_or_planned,Concord,2015.0,7.0,prior_available_year,False,False,False,0,16.0,2006.0,code_and_category_changed,decreased,False,False,0,0,0,0,0,,,False,False,False,10.0,Patriots ES,C C Griffin MS,Hickory Ridge HS,not_available,not_scored,False,internal_experiment_not_for_public_decision
CFS-PARCEL-0149761944,55275167040000,2022,False,0.9435053136970254,121,0.9989092594780806,0.036920235239882915,0.0,0.0,PUD,unknown,PUD,mixed_use_or_planned,Concord,2015.0,7.0,prior_available_year,False,False,False,0,16.0,2006.0,code_and_category_changed,decreased,False,False,0,0,0,0,0,,,False,False,False,10.0,Patriots ES,C C Griffin MS,Hickory Ridge HS,not_available,not_scored,False,internal_experiment_not_for_public_decision
CFS-PARCEL-0149761945,55275175550000,2022,True,0.9435053136970254,122,0.9989001699737313,0.05786772899811619,326220.0,1728078.8745529547,PUD,unknown,PUD,mixed_use_or_planned,Concord,2015.0,7.0,prior_available_year,False,False,False,0,16.0,2006.0,code_and_category_changed,decreased,False,False,0,0,0,0,0,,,False,False,False,10.0,Patriots ES,C C Griffin MS,Hickory Ridge HS,not_available,not_scored,False,internal_experiment_not_for_public_decision
CFS-PARCEL-0149761946,55275176080000,2022,False,0.9435053136970254,123,0.998891080469382,0.021393202827220677,0.0,0.0,PUD,unknown,PUD,mixed_use_or_planned,Concord,2015.0,7.0,prior_available_year,False,False,False,0,16.0,2006.0,code_and_category_changed,decreased,False,False,0,0,0,0,0,,,False,False,False,10.0,Patriots ES,C C Griffin MS,Hickory Ridge HS,not_available,not_scored,False,internal_experiment_not_for_public_decision
CFS-PARCEL-0149761947,55275178050000,2022,True,0.9435053136970254,124,0.9988819909650327,0.04598433543348206,319310.0,2174653.5870819204,PUD,unknown,PUD,mixed_use_or_planned,Concord,2015.0,7.0,prior_available_year,False,False,False,0,16.0,2006.0,code_and_category_changed,decreased,False,False,0,0,0,0,0,,,False,False,False,10.0,Patriots ES,C C Griffin MS,Hickory Ridge HS,not_available,not_scored,False,internal_experiment_not_for_public_decision
CFS-PARCEL-0149761955,55275166470000,2022,False,0.9435053136970254,125,0.9988729014606833,0.04706134361427303,100000.0,2124886.208511723,PUD,unknown,PUD,mixed_use_or_planned,Concord,2015.0,7.0,prior_available_year,False,False,False,0,16.0,2006.0,code_and_category_changed,decreased,False,False,0,0,0,0,0,,,False,False,False,10.0,Patriots ES,C C Griffin MS,Hickory Ridge HS,not_available,not_scored,False,internal_experiment_not_for_public_decision
CFS-PARCEL-0149761956,55275176390000,2022,True,0.9435053136970254,126,0.998863811956334,0.0470613419803158,100000.0,2124886.2822872046,PUD,unknown,PUD,mixed_use_or_planned,Concord,2015.0,7.0,prior_available_year,False,False,False,0,16.0,2006.0,code_and_category_changed,decreased,False,False,0,0,0,0,0,,,False,False,False,10.0,Patriots ES,C C Griffin MS,Hickory Ridge HS,not_available,not_scored,False,internal_experiment_not_for_public_decision
CFS-PARCEL-0149761957,55275177190000,2022,True,0.9435053136970254,127,0.9988547224519847,0.045984549710977415,330540.0,2174643.453693057,PUD,unknown,PUD,mixed_use_or_planned,Concord,2015.0,7.0,prior_available_year,False,False,False,0,16.0,2006.0,code_and_category_changed,decreased,False,False,0,0,0,0,0,,,False,False,False,10.0,Patriots ES,C C Griffin MS,Hickory Ridge HS,not_available,not_scored,False,internal_experiment_not_for_public_decision
CFS-PARCEL-0149761958,55275178030000,2022,True,0.9435053136970254,128,0.9988456329476354,0.045987349469407184,319310.0,2174511.059101687,PUD,unknown,PUD,mixed_use_or_planned,Concord,2015.0,7.0,prior_available_year,False,False,False,0,16.0,2006.0,code_and_category_changed,decreased,False,False,0,0,0,0,0,,,False,False,False,10.0,Patriots ES,C C Griffin MS,Hickory Ridge HS,not_available,not_scored,False,internal_experiment_not_for_public_decision
CFS-PARCEL-0149761971,55275187830000,2022,True,0.9435053136970254,129,0.998836543443286,0.047049105606070694,319240.0,2125438.9156145216,PUD,unknown,PUD,mixed_use_or_planned,Concord,2015.0,7.0,prior_available_year,False,False,False,0,16.0,2006.0,code_and_category_changed,decreased,False,False,0,0,0,0,0,,,False,False,False,10.0,Patriots ES,C C Griffin MS,Hickory Ridge HS,not_available,not_scored,False,internal_experiment_not_for_public_decision
CFS-PARCEL-0149762083,55276317260000,2022,False,0.9435053136970254,130,0.9988274539389367,0.37094207563574194,679760.0,269583.8692027973,PUD,unknown,PUD,mixed_use_or_planned,Concord,2015.0,7.0,prior_available_year,False,False,False,0,16.0,2006.0,code_and_category_changed,decreased,False,False,0,0,0,0,0,,,False,False,False,10.0,Patriots ES,C C Griffin MS,Hickory Ridge HS,not_available,not_scored,False,internal_experiment_not_for_public_decision
CFS-PARCEL-0149762232,55274323160000,2022,False,0.9435053136970254,131,0.9988183644345874,8.453232772355904,148410.0,17556.59686615235,PUD,unknown,PUD,mixed_use_or_planned,Concord,2015.0,7.0,prior_available_year,False,False,False,0,16.0,2006.0,code_and_category_changed,decreased,False,False,0,0,0,0,0,,,True,True,True,94.57,Patriots ES,C C Griffin MS,Hickory Ridge HS,not_available,not_scored,False,internal_experiment_not_for_public_decision
CFS-PARCEL-0149762262,55277194070000,2022,False,0.9435053136970254,132,0.9988092749302381,0.11930446500928173,512810.0,838191.5965359731,PUD,unknown,PUD,mixed_use_or_planned,Concord,2015.0,7.0,prior_available_year,False,False,False,0,16.0,2006.0,code_and_category_changed,decreased,False,False,0,0,0,0,0,5.42,,False,False,False,10.0,Patriots ES,C C Griffin MS,Hickory Ridge HS,not_available,not_scored,False,internal_experiment_not_for_public_decision
CFS-PARCEL-0149762267,55277227540000,2022,False,0.9435053136970254,133,0.9988001854258888,1.1060540681202662,0.0,0.0,PUD,unknown,PUD,mixed_use_or_planned,Concord,2015.0,7.0,prior_available_year,False,False,False,0,16.0,2006.0,code_and_category_changed,decreased,False,False,0,0,0,0,0,,,False,False,False,10.0,Patriots ES,C C Griffin MS,Hickory Ridge HS,not_available,not_scored,False,internal_experiment_not_for_public_decision
CFS-PARCEL-0149762275,55275138180000,2022,False,0.9435053136970254,134,0.9987910959215394,0.016015268486049318,0.0,0.0,PUD,unknown,PUD,mixed_use_or_planned,Concord,2015.0,7.0,prior_available_year,False,False,False,0,16.0,2006.0,code_and_category_changed,decreased,False,False,0,0,0,0,0,,,False,False,False,10.0,Patriots ES,C C Griffin MS,Hickory Ridge HS,not_available,not_scored,False,internal_experiment_not_for_public_decision
CFS-PARCEL-0149762287,55277244300000,2022,False,0.9435053136970254,135,0.9987820064171901,0.3748687098867883,0.0,0.0,PUD,unknown,PUD,mixed_use_or_planned,Concord,2015.0,7.0,prior_available_year,False,False,False,0,16.0,2006.0,code_and_category_changed,decreased,False,False,0,0,0,0,0,,,False,False,False,10.0,Patriots ES,C C Griffin MS,Hickory Ridge HS,not_available,not_scored,False,internal_experiment_not_for_public_decision
CFS-PARCEL-0149762292,55277369640000,2022,False,0.9435053136970254,136,0.9987729169128408,0.5137476579451643,0.0,0.0,PUD,unknown,PUD,mixed_use_or_planned,Concord,2015.0,7.0,prior_available_year,False,False,False,0,16.0,2006.0,code_and_category_changed,decreased,False,False,0,0,0,0,0,,,False,False,False,10.0,Patriots ES,C C Griffin MS,Hickory Ridge HS,not_available,not_scored,False,internal_experiment_not_for_public_decision
CFS-PARCEL-0149762298,55275138220000,2022,True,0.9435053136970254,137,0.9987638274084915,0.03523574754024996,349060.0,2838026.9181395834,PUD,unknown,PUD,mixed_use_or_planned,Concord,2015.0,7.0,prior_available_year,False,False,False,0,16.0,2006.0,code_and_category_changed,decreased,False,False,0,0,0,0,0,,,False,False,False,10.0,Patriots ES,C C Griffin MS,Hickory Ridge HS,not_available,not_scored,False,internal_experiment_not_for_public_decision
CFS-PARCEL-0149762299,55275144680000,2022,True,0.9435053136970254,138,0.998754737904142,0.057864760627153004,330300.0,1728167.5222739116,PUD,unknown,PUD,mixed_use_or_planned,Concord,2015.0,7.0,prior_available_year,False,False,False,0,16.0,2006.0,code_and_category_changed,decreased,False,False,0,0,0,0,0,,,False,False,False,10.0,Patriots ES,C C Griffin MS,Hickory Ridge HS,not_available,not_scored,False,internal_experiment_not_for_public_decision
CFS-PARCEL-0149762300,55275147460000,2022,False,0.9435053136970254,139,0.9987456483997927,0.05433524041049578,100000.0,1840426.1993599883,PUD,unknown,PUD,mixed_use_or_planned,Concord,2015.0,7.0,prior_available_year,False,False,False,0,16.0,2006.0,code_and_category_changed,decreased,False,False,0,0,0,0,0,,,False,False,False,10.0,Patriots ES,C C Griffin MS,Hickory Ridge HS,not_available,not_scored,False,internal_experiment_not_for_public_decision
CFS-PARCEL-0149762301,55275147520000,2022,False,0.9435053136970254,140,0.9987365588954434,0.0563869264006734,100000.0,1773460.7360830675,PUD,unknown,PUD,mixed_use_or_planned,Concord,2015.0,7.0,prior_available_year,False,False,False,0,16.0,2006.0,code_and_category_changed,decreased,False,False,0,0,0,0,0,,,False,False,False,10.0,Patriots ES,C C Griffin MS,Hickory Ridge HS,not_available,not_scored,False,internal_experiment_not_for_public_decision
CFS-PARCEL-0149762302,55275154190000,2022,True,0.9435053136970254,141,0.9987274693910941,0.057866123423881324,335210.0,1728126.8224498006,PUD,unknown,PUD,mixed_use_or_planned,Concord,2015.0,7.0,prior_available_year,False,False,False,0,16.0,2006.0,code_and_category_changed,decreased,False,False,0,0,0,0,0,,,False,False,False,10.0,Patriots ES,C C Griffin MS,Hickory Ridge HS,not_available,not_scored,False,internal_experiment_not_for_public_decision
CFS-PARCEL-0149762303,55275158840000,2022,False,0.9435053136970254,142,0.9987183798867447,0.04883857968502988,100000.0,2047561.5925958683,PUD,unknown,PUD,mixed_use_or_planned,Concord,2015.0,7.0,prior_available_year,False,False,False,0,16.0,2006.0,code_and_category_changed,decreased,False,False,0,0,0,0,0,,,False,False,False,10.0,Patriots ES,C C Griffin MS,Hickory Ridge HS,not_available,not_scored,False,internal_experiment_not_for_public_decision
CFS-PARCEL-0149762304,55275159560000,2022,False,0.9435053136970254,143,0.9987092903823954,0.04575642795140595,100000.0,2185485.2853942527,PUD,unknown,PUD,mixed_use_or_planned,Concord,2015.0,7.0,prior_available_year,False,False,False,0,16.0,2006.0,code_and_category_changed,decreased,False,False,0,0,0,0,0,,,False,False,False,10.0,Patriots ES,C C Griffin MS,Hickory Ridge HS,not_available,not_scored,False,internal_experiment_not_for_public_decision
CFS-PARCEL-0149762305,55275178110000,2022,True,0.9435053136970254,144,0.9987002008780461,0.045986506731575394,319310.0,2174550.908676386,PUD,unknown,PUD,mixed_use_or_planned,Concord,2015.0,7.0,prior_available_year,False,False,False,0,16.0,2006.0,code_and_category_changed,decreased,False,False,0,0,0,0,0,,,False,False,False,10.0,Patriots ES,C C Griffin MS,Hickory Ridge HS,not_available,not_scored,False,internal_experiment_not_for_public_decision
CFS-PARCEL-0149762312,55275196200000,2022,True,0.9435053136970254,145,0.9986911113736968,0.057865442902330824,337760.0,1728147.145936249,PUD,unknown,PUD,mixed_use_or_planned,Concord,2015.0,7.0,prior_available_year,False,False,False,0,16.0,2006.0,code_and_category_changed,decreased,False,False,0,0,0,0,0,,,False,False,False,10.0,Patriots ES,C C Griffin MS,Hickory Ridge HS,not_available,not_scored,False,internal_experiment_not_for_public_decision
CFS-PARCEL-0149762313,55275196510000,2022,True,0.9435053136970254,146,0.9986820218693475,0.057866873817124805,335210.0,1728104.4128291332,PUD,unknown,PUD,mixed_use_or_planned,Concord,2015.0,7.0,prior_available_year,False,False,False,0,16.0,2006.0,code_and_category_changed,decreased,False,False,0,0,0,0,0,,,False,False,False,10.0,Patriots ES,C C Griffin MS,Hickory Ridge HS,not_available,not_scored,False,internal_experiment_not_for_public_decision
CFS-PARCEL-0149762347,55278197800000,2022,False,0.9435053136970254,147,0.9986729323649981,70.10801109689852,0.0,0.0,PUD,unknown,PUD,mixed_use_or_planned,Concord,2015.0,7.0,prior_available_year,False,False,False,0,16.0,2006.0,code_and_category_changed,decreased,False,False,0,0,0,0,0,,,True,True,True,92.17,Patriots ES,C C Griffin MS,Hickory Ridge HS,not_available,not_scored,False,internal_experiment_not_for_public_decision
CFS-PARCEL-0149762367,55275137360000,2022,False,0.9435053136970254,148,0.9986638428606488,0.016016062339793306,0.0,0.0,PUD,unknown,PUD,mixed_use_or_planned,Concord,2015.0,7.0,prior_available_year,False,False,False,0,16.0,2006.0,code_and_category_changed,decreased,False,False,0,0,0,0,0,,,False,False,False,10.0,Patriots ES,C C Griffin MS,Hickory Ridge HS,not_available,not_scored,False,internal_experiment_not_for_public_decision
CFS-PARCEL-0149762368,55275137400000,2022,True,0.9435053136970254,149,0.9986547533562995,0.035234397717602256,211240.0,2838135.6423766087,PUD,unknown,PUD,mixed_use_or_planned,Concord,2015.0,7.0,prior_available_year,False,False,False,0,16.0,2006.0,code_and_category_changed,decreased,False,False,0,0,0,0,0,,,False,False,False,10.0,Patriots ES,C C Griffin MS,Hickory Ridge HS,not_available,not_scored,False,internal_experiment_not_for_public_decision
CFS-PARCEL-0149762376,55275146620000,2022,False,0.9435053136970254,150,0.9986456638519502,0.047055573934576864,100000.0,2125146.749650398,PUD,unknown,PUD,mixed_use_or_planned,Concord,2015.0,7.0,prior_available_year,False,False,False,0,16.0,2006.0,code_and_category_changed,decreased,False,False,0,0,0,0,0,,,False,False,False,10.0,Patriots ES,C C Griffin MS,Hickory Ridge HS,not_available,not_scored,False,internal_experiment_not_for_public_decision
CFS-PARCEL-0149762377,55275148280000,2022,False,0.9435053136970254,151,0.9986365743476008,0.05433455306015477,100000.0,1840449.4813694002,PUD,unknown,PUD,mixed_use_or_planned,Concord,2015.0,7.0,prior_available_year,False,False,False,0,16.0,2006.0,code_and_category_changed,decreased,False,False,0,0,0,0,0,,,False,False,False,10.0,Patriots ES,C C Griffin MS,Hickory Ridge HS,not_available,not_scored,False,internal_experiment_not_for_public_decision
CFS-PARCEL-0149762378,55275149110000,2022,False,0.9435053136970254,152,0.9986274848432515,0.05433548849491128,100000.0,1840417.7963609432,PUD,unknown,PUD,mixed_use_or_planned,Concord,2015.0,7.0,prior_available_year,False,False,False,0,16.0,2006.0,code_and_category_changed,decreased,False,False,0,0,0,0,0,,,False,False,False,10.0,Patriots ES,C C Griffin MS,Hickory Ridge HS,not_available,not_scored,False,internal_experiment_not_for_public_decision
CFS-PARCEL-0149762379,55275149130000,2022,False,0.9435053136970254,153,0.9986183953389022,0.054332989362172304,100000.0,1840502.4493208167,PUD,unknown,PUD,mixed_use_or_planned,Concord,2015.0,7.0,prior_available_year,False,False,False,0,16.0,2006.0,code_and_category_changed,decreased,False,False,0,0,0,0,0,,,False,False,False,10.0,Patriots ES,C C Griffin MS,Hickory Ridge HS,not_available,not_scored,False,internal_experiment_not_for_public_decision
CFS-PARCEL-0149762380,55275158220000,2022,False,0.9435053136970254,154,0.9986093058345529,0.4856627816040967,0.0,0.0,PUD,unknown,PUD,mixed_use_or_planned,Concord,2015.0,7.0,prior_available_year,False,False,False,0,16.0,2006.0,code_and_category_changed,decreased,False,False,0,0,0,0,0,,,False,False,False,10.0,Patriots ES,C C Griffin MS,Hickory Ridge HS,not_available,not_scored,False,internal_experiment_not_for_public_decision
CFS-PARCEL-0149762423,55276106940000,2022,True,0.9435053136970254,155,0.9986002163302035,0.05786618800983776,334920.0,1728124.8936425382,PUD,unknown,PUD,mixed_use_or_planned,Concord,2015.0,7.0,prior_available_year,False,False,False,0,16.0,2006.0,code_and_category_changed,decreased,False,False,0,0,0,0,0,,,False,False,False,10.0,Patriots ES,C C Griffin MS,Hickory Ridge HS,not_available,not_scored,False,internal_experiment_not_for_public_decision
CFS-PARCEL-0149762426,55275158780000,2022,False,0.9435053136970254,156,0.9985911268258542,0.0480184783493255,100000.0,2082531.6302719673,PUD,unknown,PUD,mixed_use_or_planned,Concord,2015.0,7.0,prior_available_year,False,False,False,0,16.0,2006.0,code_and_category_changed,decreased,False,False,0,0,0,0,0,,,False,False,False,10.0,Patriots ES,C C Griffin MS,Hickory Ridge HS,not_available,not_scored,False,internal_experiment_not_for_public_decision
CFS-PARCEL-0149762427,55275169740000,2022,True,0.9435053136970254,157,0.9985820373215049,0.045978874269073655,330540.0,2174911.882678739,PUD,unknown,PUD,mixed_use_or_planned,Concord,2015.0,7.0,prior_available_year,False,False,False,0,16.0,2006.0,code_and_category_changed,decreased,False,False,0,0,0,0,0,,,False,False,False,10.0,Patriots ES,C C Griffin MS,Hickory Ridge HS,not_available,not_scored,False,internal_experiment_not_for_public_decision
CFS-PARCEL-0149762428,55275169820000,2022,True,0.9435053136970254,158,0.9985729478171556,0.04598190855041917,319540.0,2174768.363308582,PUD,unknown,PUD,mixed_use_or_planned,Concord,2015.0,7.0,prior_available_year,False,False,False,0,16.0,2006.0,code_and_category_changed,decreased,False,False,0,0,0,0,0,,,False,False,False,10.0,Patriots ES,C C Griffin MS,Hickory Ridge HS,not_available,not_scored,False,internal_experiment_not_for_public_decision
CFS-PARCEL-0149762429,55275176190000,2022,True,0.9435053136970254,159,0.9985638583128063,0.04706048443537955,100000.0,2124925.002361878,PUD,unknown,PUD,mixed_use_or_planned,Concord,2015.0,7.0,prior_available_year,False,False,False,0,16.0,2006.0,code_and_category_changed,decreased,False,False,0,0,0,0,0,,,False,False,False,10.0,Patriots ES,C C Griffin MS,Hickory Ridge HS,not_available,not_scored,False,internal_experiment_not_for_public_decision
CFS-PARCEL-0149762430,55275177910000,2022,False,0.9435053136970254,160,0.9985547688084568,0.019358808595840094,0.0,0.0,PUD,unknown,PUD,mixed_use_or_planned,Concord,2015.0,7.0,prior_available_year,False,False,False,0,16.0,2006.0,code_and_category_changed,decreased,False,False,0,0,0,0,0,,,False,False,False,10.0,Patriots ES,C C Griffin MS,Hickory Ridge HS,not_available,not_scored,False,internal_experiment_not_for_public_decision
CFS-PARCEL-0149762431,55275250400000,2022,False,0.9435053136970254,161,0.9985456793041075,0.021251925219557054,0.0,0.0,PUD,unknown,PUD,mixed_use_or_planned,Concord,2015.0,7.0,prior_available_year,False,False,False,0,16.0,2006.0,code_and_category_changed,decreased,False,False,0,0,0,0,0,,,False,False,False,10.0,Patriots ES,C C Griffin MS,Hickory Ridge HS,not_available,not_scored,False,internal_experiment_not_for_public_decision
CFS-PARCEL-0149762440,55278383650000,2022,False,0.9435053136970254,162,0.9985365897997582,0.3462363287915201,576770.0,288820.06792595465,PUD,unknown,PUD,mixed_use_or_planned,Concord,2015.0,7.0,prior_available_year,False,False,False,0,16.0,2006.0,code_and_category_changed,decreased,False,False,0,0,0,0,0,,,False,False,False,10.0,Patriots ES,C C Griffin MS,Hickory Ridge HS,not_available,not_scored,False,internal_experiment_not_for_public_decision
CFS-PARCEL-0149762484,55276236550000,2022,False,0.9435053136970254,163,0.9985275002954089,0.17276802921110573,430780.0,578810.7930420954,PUD,unknown,PUD,mixed_use_or_planned,Concord,2015.0,7.0,prior_available_year,False,False,False,0,16.0,2006.0,code_and_category_changed,decreased,False,False,0,0,0,0,0,,,False,False,False,10.0,Patriots ES,C C Griffin MS,Hickory Ridge HS,not_available,not_scored,False,internal_experiment_not_for_public_decision
CFS-PARCEL-0149762503,55276278120000,2022,False,0.9435053136970254,164,0.9985184107910595,0.08905874452510691,0.0,0.0,PUD,unknown,PUD,mixed_use_or_planned,Concord,2015.0,7.0,prior_available_year,False,False,False,0,16.0,2006.0,code_and_category_changed,decreased,False,False,0,0,0,0,0,,,False,False,False,10.0,Patriots ES,C C Griffin MS,Hickory Ridge HS,not_available,not_scored,False,internal_experiment_not_for_public_decision
CFS-PARCEL-0149762511,55275129960000,2022,True,0.9435053136970254,165,0.9985093212867102,0.0352367586465572,361620.0,2837945.4819624983,PUD,unknown,PUD,mixed_use_or_planned,Concord,2015.0,7.0,prior_available_year,False,False,False,0,16.0,2006.0,code_and_category_changed,decreased,False,False,0,0,0,0,0,,,False,False,False,10.0,Patriots ES,C C Griffin MS,Hickory Ridge HS,not_available,not_scored,False,internal_experiment_not_for_public_decision
CFS-PARCEL-0149762512,55275136560000,2022,True,0.9435053136970254,166,0.9985002317823609,0.03523427479638122,216900.0,2838145.543732622,PUD,unknown,PUD,mixed_use_or_planned,Concord,2015.0,7.0,prior_available_year,False,False,False,0,16.0,2006.0,code_and_category_changed,decreased,False,False,0,0,0,0,0,,,False,False,False,10.0,Patriots ES,C C Griffin MS,Hickory Ridge HS,not_available,not_scored,False,internal_experiment_not_for_public_decision
CFS-PARCEL-0149762523,55278381370000,2022,False,0.9435053136970254,167,0.9984911422780116,0.2623157563213553,0.0,0.0,PUD,unknown,PUD,mixed_use_or_planned,Concord,2015.0,7.0,prior_available_year,False,False,False,0,16.0,2006.0,code_and_category_changed,decreased,False,False,0,0,0,0,0,,,False,False,False,10.0,Patriots ES,C C Griffin MS,Hickory Ridge HS,not_available,not_scored,False,internal_experiment_not_for_public_decision
CFS-PARCEL-0149762546,55276106640000,2022,True,0.9435053136970254,168,0.9984820527736622,0.05786612145852996,331710.0,1728126.8811434943,PUD,unknown,PUD,mixed_use_or_planned,Concord,2015.0,7.0,prior_available_year,False,False,False,0,16.0,2006.0,code_and_category_changed,decreased,False,False,0,0,0,0,0,,,False,False,False,10.0,Patriots ES,C C Griffin MS,Hickory Ridge HS,not_available,not_scored,False,internal_experiment_not_for_public_decision
CFS-PARCEL-0149762555,55275138090000,2022,True,0.9435053136970254,169,0.9984729632693129,0.03523663950852246,361620.0,2837955.077294293,PUD,unknown,PUD,mixed_use_or_planned,Concord,2015.0,7.0,prior_available_year,False,False,False,0,16.0,2006.0,code_and_category_changed,decreased,False,False,0,0,0,0,0,,,False,False,False,10.0,Patriots ES,C C Griffin MS,Hickory Ridge HS,not_available,not_scored,False,internal_experiment_not_for_public_decision
CFS-PARCEL-0149762556,55275146420000,2022,False,0.9435053136970254,170,0.9984638737649636,0.04705552183389468,100000.0,2125149.102649389,PUD,unknown,PUD,mixed_use_or_planned,Concord,2015.0,7.0,prior_available_year,False,False,False,0,16.0,2006.0,code_and_category_changed,decreased,False,False,0,0,0,0,0,,,False,False,False,10.0,Patriots ES,C C Griffin MS,Hickory Ridge HS,not_available,not_scored,False,internal_experiment_not_for_public_decision
CFS-PARCEL-0149762557,55275147470000,2022,False,0.9435053136970254,171,0.9984547842606143,0.02469760621609807,0.0,0.0,PUD,unknown,PUD,mixed_use_or_planned,Concord,2015.0,7.0,prior_available_year,False,False,False,0,16.0,2006.0,code_and_category_changed,decreased,False,False,0,0,0,0,0,,,False,False,False,10.0,Patriots ES,C C Griffin MS,Hickory Ridge HS,not_available,not_scored,False,internal_experiment_not_for_public_decision
CFS-PARCEL-0149762558,55275149070000,2022,False,0.9435053136970254,172,0.998445694756265,0.02923205791320536,0.0,0.0,PUD,unknown,PUD,mixed_use_or_planned,Concord,2015.0,7.0,prior_available_year,False,False,False,0,16.0,2006.0,code_and_category_changed,decreased,False,False,0,0,0,0,0,,,False,False,False,10.0,Patriots ES,C C Griffin MS,Hickory Ridge HS,not_available,not_scored,False,internal_experiment_not_for_public_decision
CFS-PARCEL-0149762559,55275156240000,2022,False,0.9435053136970254,173,0.9984366052519156,0.02436985145662454,0.0,0.0,PUD,unknown,PUD,mixed_use_or_planned,Concord,2015.0,7.0,prior_available_year,False,False,False,0,16.0,2006.0,code_and_category_changed,decreased,False,False,0,0,0,0,0,,,False,False,False,10.0,Patriots ES,C C Griffin MS,Hickory Ridge HS,not_available,not_scored,False,internal_experiment_not_for_public_decision
CFS-PARCEL-0149762560,55275158860000,2022,False,0.9435053136970254,174,0.9984275157475663,0.021995956061279395,0.0,0.0,PUD,unknown,PUD,mixed_use_or_planned,Concord,2015.0,7.0,prior_available_year,False,False,False,0,16.0,2006.0,code_and_category_changed,decreased,False,False,0,0,0,0,0,,,False,False,False,10.0,Patriots ES,C C Griffin MS,Hickory Ridge HS,not_available,not_scored,False,internal_experiment_not_for_public_decision
CFS-PARCEL-0149762561,55275158900000,2022,False,0.9435053136970254,175,0.998418426243217,0.0499685394986591,100000.0,2001259.2123626806,PUD,unknown,PUD,mixed_use_or_planned,Concord,2015.0,7.0,prior_available_year,False,False,False,0,16.0,2006.0,code_and_category_changed,decreased,False,False,0,0,0,0,0,,,False,False,False,10.0,Patriots ES,C C Griffin MS,Hickory Ridge HS,not_available,not_scored,False,internal_experiment_not_for_public_decision
CFS-PARCEL-0149762562,55275165010000,2022,True,0.9435053136970254,176,0.9984093367388677,0.057866807489508044,326220.0,1728106.3936027784,PUD,unknown,PUD,mixed_use_or_planned,Concord,2015.0,7.0,prior_available_year,False,False,False,0,16.0,2006.0,code_and_category_changed,decreased,False,False,0,0,0,0,0,,,False,False,False,10.0,Patriots ES,C C Griffin MS,Hickory Ridge HS,not_available,not_scored,False,internal_experiment_not_for_public_decision
CFS-PARCEL-0149762584,55276126390000,2022,False,0.9435053136970254,177,0.9984002472345183,2.2723942859666066,0.0,0.0,PUD,unknown,PUD,mixed_use_or_planned,Concord,2015.0,7.0,prior_available_year,False,False,False,0,16.0,2006.0,code_and_category_changed,decreased,False,False,0,0,0,0,0,,,False,False,False,10.0,Patriots ES,C C Griffin MS,Hickory Ridge HS,not_available,not_scored,False,internal_experiment_not_for_public_decision
CFS-PARCEL-0149762604,55275165320000,2022,True,0.9435053136970254,178,0.998391157730169,0.05786519846693304,325760.0,1728154.4460120501,PUD,unknown,PUD,mixed_use_or_planned,Concord,2015.0,7.0,prior_available_year,False,False,False,0,16.0,2006.0,code_and_category_changed,decreased,False,False,0,0,0,0,0,,,False,False,False,10.0,Patriots ES,C C Griffin MS,Hickory Ridge HS,not_available,not_scored,False,internal_experiment_not_for_public_decision
CFS-PARCEL-0149762605,55275165630000,2022,True,0.9435053136970254,179,0.9983820682258197,0.057865263340097735,335210.0,1728152.5085656182,PUD,unknown,PUD,mixed_use_or_planned,Concord,2015.0,7.0,prior_available_year,False,False,False,0,16.0,2006.0,code_and_category_changed,decreased,False,False,0,0,0,0,0,,,False,False,False,10.0,Patriots ES,C C Griffin MS,Hickory Ridge HS,not_available,not_scored,False,internal_experiment_not_for_public_decision
CFS-PARCEL-0149762606,55275165940000,2022,True,0.9435053136970254,180,0.9983729787214703,0.05786612168498262,335310.0,1728126.874380661,PUD,unknown,PUD,mixed_use_or_planned,Concord,2015.0,7.0,prior_available_year,False,False,False,0,16.0,2006.0,code_and_category_changed,decreased,False,False,0,0,0,0,0,,,False,False,False,10.0,Patriots ES,C C Griffin MS,Hickory Ridge HS,not_available,not_scored,False,internal_experiment_not_for_public_decision
CFS-PARCEL-0149762607,55275166260000,2022,False,0.9435053136970254,181,0.9983638892171209,0.04706210788004346,100000.0,2124851.7013919107,PUD,unknown,PUD,mixed_use_or_planned,Concord,2015.0,7.0,prior_available_year,False,False,False,0,16.0,2006.0,code_and_category_changed,decreased,False,False,0,0,0,0,0,,,False,False,False,10.0,Patriots ES,C C Griffin MS,Hickory Ridge HS,not_available,not_scored,False,internal_experiment_not_for_public_decision
CFS-PARCEL-0149762608,55275177710000,2022,True,0.9435053136970254,182,0.9983547997127716,0.04802200422804641,100000.0,2082378.7263255613,PUD,unknown,PUD,mixed_use_or_planned,Concord,2015.0,7.0,prior_available_year,False,False,False,0,16.0,2006.0,code_and_category_changed,decreased,False,False,0,0,0,0,0,,,False,False,False,10.0,Patriots ES,C C Griffin MS,Hickory Ridge HS,not_available,not_scored,False,internal_experiment_not_for_public_decision
CFS-PARCEL-0149762609,55275179040000,2022,False,0.9435053136970254,183,0.9983457102084223,0.881346842929503,0.0,0.0,PUD,unknown,PUD,mixed_use_or_planned,Concord,2015.0,7.0,prior_available_year,False,False,False,0,16.0,2006.0,code_and_category_changed,decreased,False,False,0,0,0,0,0,,,False,False,False,10.0,Patriots ES,C C Griffin MS,Hickory Ridge HS,not_available,not_scored,False,internal_experiment_not_for_public_decision
CFS-PARCEL-0149762610,55275187220000,2022,False,0.9435053136970254,184,0.998336620704073,0.018692608983674818,0.0,0.0,PUD,unknown,PUD,mixed_use_or_planned,Concord,2015.0,7.0,prior_available_year,False,False,False,0,16.0,2006.0,code_and_category_changed,decreased,False,False,0,0,0,0,0,,,False,False,False,10.0,Patriots ES,C C Griffin MS,Hickory Ridge HS,not_available,not_scored,False,internal_experiment_not_for_public_decision
CFS-PARCEL-0149762629,55275136810000,2022,False,0.9435053136970254,185,0.9983275311997237,0.17129613901621676,0.0,0.0,PUD,unknown,PUD,mixed_use_or_planned,Concord,2015.0,7.0,prior_available_year,False,False,False,0,16.0,2006.0,code_and_category_changed,decreased,False,False,0,0,0,0,0,,,False,False,False,10.0,Patriots ES,C C Griffin MS,Hickory Ridge HS,not_available,not_scored,False,internal_experiment_not_for_public_decision
CFS-PARCEL-0149762630,55275137420000,2022,True,0.9435053136970254,186,0.9983184416953743,0.03523488988346819,211240.0,2838095.998901329,PUD,unknown,PUD,mixed_use_or_planned,Concord,2015.0,7.0,prior_available_year,False,False,False,0,16.0,2006.0,code_and_category_changed,decreased,False,False,0,0,0,0,0,,,False,False,False,10.0,Patriots ES,C C Griffin MS,Hickory Ridge HS,not_available,not_scored,False,internal_experiment_not_for_public_decision
CFS-PARCEL-0149762631,55275139020000,2022,True,0.9435053136970254,187,0.998309352191025,0.03523909576438284,349060.0,2837757.2645059996,PUD,unknown,PUD,mixed_use_or_planned,Concord,2015.0,7.0,prior_available_year,False,False,False,0,16.0,2006.0,code_and_category_changed,decreased,False,False,0,0,0,0,0,,,False,False,False,10.0,Patriots ES,C C Griffin MS,Hickory Ridge HS,not_available,not_scored,False,internal_experiment_not_for_public_decision
CFS-PARCEL-0149762653,55275144370000,2022,True,0.9435053136970254,188,0.9983002626866757,0.05786773734556638,331710.0,1728078.6252767087,PUD,unknown,PUD,mixed_use_or_planned,Concord,2015.0,7.0,prior_available_year,False,False,False,0,16.0,2006.0,code_and_category_changed,decreased,False,False,0,0,0,0,0,,,False,False,False,10.0,Patriots ES,C C Griffin MS,Hickory Ridge HS,not_available,not_scored,False,internal_experiment_not_for_public_decision
CFS-PARCEL-0149762654,55275147540000,2022,False,0.9435053136970254,189,0.9982911731823264,0.05433523943748576,100000.0,1840426.2323174786,PUD,unknown,PUD,mixed_use_or_planned,Concord,2015.0,7.0,prior_available_year,False,False,False,0,16.0,2006.0,code_and_category_changed,decreased,False,False,0,0,0,0,0,,,False,False,False,10.0,Patriots ES,C C Griffin MS,Hickory Ridge HS,not_available,not_scored,False,internal_experiment_not_for_public_decision
CFS-PARCEL-0149762655,55275148250000,2022,False,0.9435053136970254,190,0.998282083677977,0.05433372621221177,100000.0,1840477.489238066,PUD,unknown,PUD,mixed_use_or_planned,Concord,2015.0,7.0,prior_available_year,False,False,False,0,16.0,2006.0,code_and_category_changed,decreased,False,False,0,0,0,0,0,,,False,False,False,10.0,Patriots ES,C C Griffin MS,Hickory Ridge HS,not_available,not_scored,False,internal_experiment_not_for_public_decision
CFS-PARCEL-0149762656,55275158920000,2022,False,0.9435053136970254,191,0.9982729941736277,0.04940397235601946,100000.0,2024128.7336040668,PUD,unknown,PUD,mixed_use_or_planned,Concord,2015.0,7.0,prior_available_year,False,False,False,0,16.0,2006.0,code_and_category_changed,decreased,False,False,0,0,0,0,0,,,False,False,False,10.0,Patriots ES,C C Griffin MS,Hickory Ridge HS,not_available,not_scored,False,internal_experiment_not_for_public_decision
CFS-PARCEL-0149762657,55275167080000,2022,False,0.9435053136970254,192,0.9982639046692784,0.05053081982519139,100000.0,1978990.2547780648,PUD,unknown,PUD,mixed_use_or_planned,Concord,2015.0,7.0,prior_available_year,False,False,False,0,16.0,2006.0,code_and_category_changed,decreased,False,False,0,0,0,0,0,,,False,False,False,10.0,Patriots ES,C C Griffin MS,Hickory Ridge HS,not_available,not_scored,False,internal_experiment_not_for_public_decision
CFS-PARCEL-0149762658,55275168380000,2022,False,0.9435053136970254,193,0.9982548151649291,0.1354152524644657,0.0,0.0,PUD,unknown,PUD,mixed_use_or_planned,Concord,2015.0,7.0,prior_available_year,False,False,False,0,16.0,2006.0,code_and_category_changed,decreased,False,False,0,0,0,0,0,,,False,False,False,10.0,Patriots ES,C C Griffin MS,Hickory Ridge HS,not_available,not_scored,False,internal_experiment_not_for_public_decision
CFS-PARCEL-0149762659,55275175760000,2022,True,0.9435053136970254,194,0.9982457256605797,0.057864757170528004,331420.0,1728167.6255082006,PUD,unknown,PUD,mixed_use_or_planned,Concord,2015.0,7.0,prior_available_year,False,False,False,0,16.0,2006.0,code_and_category_changed,decreased,False,False,0,0,0,0,0,,,False,False,False,10.0,Patriots ES,C C Griffin MS,Hickory Ridge HS,not_available,not_scored,False,internal_experiment_not_for_public_decision
CFS-PARCEL-0149762660,55275196810000,2022,True,0.9435053136970254,195,0.9982366361562304,0.05786611820350306,334920.0,1728126.9783523558,PUD,unknown,PUD,mixed_use_or_planned,Concord,2015.0,7.0,prior_available_year,False,False,False,0,16.0,2006.0,code_and_category_changed,decreased,False,False,0,0,0,0,0,,,False,False,False,10.0,Patriots ES,C C Griffin MS,Hickory Ridge HS,not_available,not_scored,False,internal_experiment_not_for_public_decision
CFS-PARCEL-0149762684,55275136580000,2022,True,0.9435053136970254,196,0.9982275466518811,0.03523427575075032,211240.0,2838145.466857524,PUD,unknown,PUD,mixed_use_or_planned,Concord,2015.0,7.0,prior_available_year,False,False,False,0,16.0,2006.0,code_and_category_changed,decreased,False,False,0,0,0,0,0,,,False,False,False,10.0,Patriots ES,C C Griffin MS,Hickory Ridge HS,not_available,not_scored,False,internal_experiment_not_for_public_decision
CFS-PARCEL-0149762685,55275137380000,2022,True,0.9435053136970254,197,0.9982184571475318,0.03523638043655012,361620.0,2837975.9430759135,PUD,unknown,PUD,mixed_use_or_planned,Concord,2015.0,7.0,prior_available_year,False,False,False,0,16.0,2006.0,code_and_category_changed,decreased,False,False,0,0,0,0,0,,,False,False,False,10.0,Patriots ES,C C Griffin MS,Hickory Ridge HS,not_available,not_scored,False,internal_experiment_not_for_public_decision
CFS-PARCEL-0149762701,55275185990000,2022,True,0.9435053136970254,198,0.9982093676431825,0.05786550886265242,326220.0,1728145.176038399,PUD,unknown,PUD,mixed_use_or_planned,Concord,2015.0,7.0,prior_available_year,False,False,False,0,16.0,2006.0,code_and_category_changed,decreased,False,False,0,0,0,0,0,,,False,False,False,10.0,Patriots ES,C C Griffin MS,Hickory Ridge HS,not_available,not_scored,False,internal_experiment_not_for_public_decision
CFS-PARCEL-0149762702,55275187420000,2022,True,0.9435053136970254,199,0.998200278138833,0.04687822303475457,330380.0,2133186.659525512,PUD,unknown,PUD,mixed_use_or_planned,Concord,2015.0,7.0,prior_available_year,False,False,False,0,16.0,2006.0,code_and_category_changed,decreased,False,False,0,0,0,0,0,,,False,False,False,10.0,Patriots ES,C C Griffin MS,Hickory Ridge HS,not_available,not_scored,False,internal_experiment_not_for_public_decision
CFS-PARCEL-0149762715,55275138140000,2022,True,0.9435053136970254,200,0.9981911886344838,0.03523711716024556,349060.0,2837916.607798432,PUD,unknown,PUD,mixed_use_or_planned,Concord,2015.0,7.0,prior_available_year,False,False,False,0,16.0,2006.0,code_and_category_changed,decreased,False,False,0,0,0,0,0,,,False,False,False,10.0,Patriots ES,C C Griffin MS,Hickory Ridge HS,not_available,not_scored,False,internal_experiment_not_for_public_decision
